1786401615 29.08 24.31 13.02
1786401616 27.31 24.02 12.98
1786401617 27.31 24.02 12.98
1786401618 27.31 24.02 12.98
1786401619 27.31 24.02 12.98
1786401620 27.31 24.02 12.98
1786401621 25.45 23.69 12.94
1786401622 25.45 23.69 12.94
1786401623 25.45 23.69 12.94
1786401624 25.45 23.69 12.94
1786401625 25.45 23.69 12.94
1786401626 23.73 23.37 12.89
1786401627 23.73 23.37 12.89
1786401628 23.73 23.37 12.89
1786401629 23.73 23.37 12.89
1786401630 23.73 23.37 12.89
1786401631 22.15 23.04 12.84
1786401632 22.15 23.04 12.84
1786401633 22.15 23.04 12.84
1786401634 22.15 23.04 12.84
1786401635 22.15 23.04 12.84
1786401636 20.86 22.76 12.80
1786401637 20.86 22.76 12.80
1786401638 20.86 22.76 12.80
1786401639 20.86 22.76 12.80
1786401640 20.86 22.76 12.80
1786401641 46.73 28.09 14.58
1786401642 46.73 28.09 14.58
1786401643 46.73 28.09 14.58
1786401645 46.73 28.09 14.58
1786401646 46.73 28.09 14.58
1786401647 69.26 33.07 16.27
1786401648 69.26 33.07 16.27
1786401649 69.26 33.07 16.27
1786401650 69.26 33.07 16.27
1786401651 69.26 33.07 16.27
1786401652 64.03 32.59 16.20
1786401653 64.03 32.59 16.20
1786401654 64.03 32.59 16.20
1786401655 64.03 32.59 16.20
1786401656 64.03 32.59 16.20
1786401657 80.04 36.43 17.53
1786401658 80.04 36.43 17.53
1786401659 80.04 36.43 17.53
1786401660 80.04 36.43 17.53
1786401661 80.04 36.43 17.53
1786401662 88.37 38.88 18.43
1786401663 88.37 38.88 18.43
1786401664 88.37 38.88 18.43
1786401665 88.37 38.88 18.43
1786401666 88.37 38.88 18.43
1786401667 81.85 38.35 18.36
1786401668 81.85 38.35 18.36
1786401669 81.85 38.35 18.36
1786401670 81.85 38.35 18.36
1786401671 81.85 38.35 18.36
1786401672 75.86 37.83 18.30
1786401673 75.86 37.83 18.30
1786401674 75.86 37.83 18.30
1786401675 75.86 37.83 18.30
1786401676 75.86 37.83 18.30
1786401677 111.34 45.82 20.99
1786401678 111.34 45.82 20.99
1786401679 111.34 45.82 20.99
1786401680 111.34 45.82 20.99
1786401681 111.34 45.82 20.99
1786401682 135.66 51.95 23.11
1786401683 135.66 51.95 23.11
1786401684 135.66 51.95 23.11
1786401685 135.66 51.95 23.11
1786401686 160.11 58.41 25.35
1786401687 160.11 58.41 25.35
1786401688 160.11 58.41 25.35
1786401689 160.11 58.41 25.35
1786401690 160.11 58.41 25.35
1786401691 174.04 62.98 27.01
1786401692 174.04 62.98 27.01
1786401693 174.04 62.98 27.01
1786401694 174.04 62.98 27.01
1786401695 174.04 62.98 27.01
1786401696 160.42 62.00 26.89
1786401697 160.42 62.00 26.89
1786401698 160.42 62.00 26.89
1786401699 160.42 62.00 26.89
1786401700 160.42 62.00 26.89
1786401701 148.05 61.07 26.78
1786401702 148.05 61.07 26.78
1786401703 148.05 61.07 26.78
1786401704 148.05 61.07 26.78
1786401705 148.05 61.07 26.78
1786401706 136.84 60.19 26.67
1786401707 136.84 60.19 26.67
1786401708 136.84 60.19 26.67
1786401709 136.84 60.19 26.67
1786401710 136.84 60.19 26.67
1786401711 126.28 59.28 26.56
1786401712 126.28 59.28 26.56
1786401713 126.28 59.28 26.56
1786401714 126.28 59.28 26.56
1786401715 126.28 59.28 26.56
1786401716 126.58 60.45 27.11
1786401717 126.58 60.45 27.11
1786401718 126.58 60.45 27.11
1786401720 126.58 60.45 27.11
1786401721 126.58 60.45 27.11
1786401722 141.91 64.73 28.68
1786401723 141.91 64.73 28.68
1786401724 141.91 64.73 28.68
1786401725 141.91 64.73 28.68
1786401726 141.91 64.73 28.68
1786401727 161.62 70.09 30.61
1786401728 161.62 70.09 30.61
1786401729 161.62 70.09 30.61
1786401730 161.62 70.09 30.61
1786401731 161.62 70.09 30.61
1786401732 159.40 71.16 31.16
1786401733 159.40 71.16 31.16
1786401734 159.40 71.16 31.16
1786401735 159.40 71.16 31.16
1786401736 159.40 71.16 31.16
1786401737 157.37 72.20 31.71
1786401738 157.37 72.20 31.71
1786401739 157.37 72.20 31.71
1786401740 157.37 72.20 31.71
1786401741 157.37 72.20 31.71
1786401742 145.49 71.15 31.59
1786401743 145.49 71.15 31.59
1786401744 145.49 71.15 31.59
1786401745 145.49 71.15 31.59
1786401746 145.49 71.15 31.59
1786401747 134.32 70.07 31.45
1786401748 134.32 70.07 31.45
1786401749 134.32 70.07 31.45
1786401750 134.32 70.07 31.45
1786401751 134.32 70.07 31.45
1786401752 134.13 71.10 31.99
1786401753 134.13 71.10 31.99
1786401754 134.13 71.10 31.99
1786401755 134.13 71.10 31.99
1786401756 134.13 71.10 31.99
1786401757 144.05 74.20 33.21
1786401758 144.05 74.20 33.21
1786401759 144.05 74.20 33.21
1786401760 144.05 74.20 33.21
1786401761 144.05 74.20 33.21
1786401762 132.52 72.97 33.03
1786401763 132.52 72.97 33.03
1786401764 132.52 72.97 33.03
1786401765 132.52 72.97 33.03
1786401766 132.52 72.97 33.03
1786401767 144.25 76.39 34.35
1786401768 144.25 76.39 34.35
1786401769 144.25 76.39 34.35
1786401770 144.25 76.39 34.35
1786401771 144.25 76.39 34.35
1786401772 140.14 76.66 34.67
1786401773 140.14 76.66 34.67
1786401774 140.14 76.66 34.67
1786401775 140.14 76.66 34.67
1786401776 140.14 76.66 34.67
1786401777 129.40 75.49 34.51
1786401778 129.40 75.49 34.51
1786401779 129.40 75.49 34.51
1786401780 129.40 75.49 34.51
1786401781 129.40 75.49 34.51
1786401782 119.60 74.35 34.36
1786401783 119.60 74.35 34.36
1786401784 119.60 74.35 34.36
1786401785 119.60 74.35 34.36
1786401786 110.42 73.20 34.21
1786401787 110.42 73.20 34.21
1786401788 110.42 73.20 34.21
1786401789 110.42 73.20 34.21
1786401790 110.42 73.20 34.21
1786401791 101.66 72.00 34.03
