1786414764 109.59 203.26 171.41
1786414765 109.59 203.26 171.41
1786414766 109.59 203.26 171.41
1786414767 101.14 199.95 170.51
1786414768 101.14 199.95 170.51
1786414769 101.14 199.95 170.51
1786414770 101.14 199.95 170.51
1786414771 101.14 199.95 170.51
1786414772 93.52 196.73 169.63
1786414773 93.52 196.73 169.63
1786414774 93.52 196.73 169.63
1786414775 93.52 196.73 169.63
1786414776 93.52 196.73 169.63
1786414777 86.51 193.57 168.75
1786414778 86.51 193.57 168.75
1786414779 86.51 193.57 168.75
1786414780 86.51 193.57 168.75
1786414781 86.51 193.57 168.75
1786414782 112.17 197.11 170.03
1786414783 112.17 197.11 170.03
1786414784 112.17 197.11 170.03
1786414785 112.17 197.11 170.03
1786414786 112.17 197.11 170.03
1786414787 129.38 199.27 170.87
1786414788 129.38 199.27 170.87
1786414789 129.38 199.27 170.87
1786414790 129.38 199.27 170.87
1786414791 129.38 199.27 170.87
1786414792 156.97 203.83 172.50
1786414793 156.97 203.83 172.50
1786414794 156.97 203.83 172.50
1786414796 156.97 203.83 172.50
1786414797 156.97 203.83 172.50
1786414798 175.56 206.90 173.66
1786414799 175.56 206.90 173.66
1786414800 175.56 206.90 173.66
1786414801 175.56 206.90 173.66
1786414802 192.65 209.92 174.82
1786414803 192.65 209.92 174.82
1786414804 192.65 209.92 174.82
1786414805 192.65 209.92 174.82
1786414806 192.65 209.92 174.82
1786414807 188.03 208.68 174.61
1786414808 188.03 208.68 174.61
1786414809 188.03 208.68 174.61
1786414810 188.03 208.68 174.61
1786414811 188.03 208.68 174.61
1786414812 173.37 205.30 173.70
1786414813 173.37 205.30 173.70
1786414814 173.37 205.30 173.70
1786414815 173.37 205.30 173.70
1786414816 173.37 205.30 173.70
1786414817 160.21 202.04 172.81
1786414818 160.21 202.04 172.81
1786414819 160.21 202.04 172.81
1786414820 160.21 202.04 172.81
1786414821 160.21 202.04 172.81
1786414822 153.31 199.91 172.28
1786414823 153.31 199.91 172.28
1786414824 153.31 199.91 172.28
1786414825 153.31 199.91 172.28
1786414826 153.31 199.91 172.28
1786414827 141.59 196.71 171.39
1786414828 141.59 196.71 171.39
1786414829 141.59 196.71 171.39
1786414830 141.59 196.71 171.39
1786414831 141.59 196.71 171.39
1786414832 151.23 197.79 171.88
1786414833 151.23 197.79 171.88
1786414834 151.23 197.79 171.88
1786414835 151.23 197.79 171.88
1786414836 151.23 197.79 171.88
1786414837 150.09 196.78 171.69
1786414838 150.09 196.78 171.69
1786414839 150.09 196.78 171.69
1786414840 150.09 196.78 171.69
1786414841 150.09 196.78 171.69
1786414842 148.64 195.71 171.48
1786414843 148.64 195.71 171.48
1786414844 148.64 195.71 171.48
1786414845 148.64 195.71 171.48
1786414846 148.64 195.71 171.48
1786414847 137.14 192.54 170.58
1786414848 137.14 192.54 170.58
1786414849 137.14 192.54 170.58
1786414850 137.14 192.54 170.58
1786414851 137.14 192.54 170.58
1786414852 126.72 189.46 169.70
1786414853 126.72 189.46 169.70
1786414854 126.72 189.46 169.70
1786414855 126.72 189.46 169.70
1786414856 126.72 189.46 169.70
1786414857 116.97 186.40 168.82
1786414858 116.97 186.40 168.82
1786414859 116.97 186.40 168.82
1786414860 116.97 186.40 168.82
1786414861 116.97 186.40 168.82
1786414862 108.00 183.39 167.94
1786414863 108.00 183.39 167.94
1786414864 108.00 183.39 167.94
1786414865 108.00 183.39 167.94
1786414866 108.00 183.39 167.94
1786414867 113.37 183.25 167.98
1786414868 113.37 183.25 167.98
1786414869 113.37 183.25 167.98
1786414870 113.37 183.25 167.98
1786414871 113.37 183.25 167.98
1786414872 104.77 180.31 167.11
1786414873 104.77 180.31 167.11
1786414874 104.77 180.31 167.11
1786414875 104.77 180.31 167.11
1786414876 104.77 180.31 167.11
1786414877 114.88 181.15 167.45
1786414878 114.88 181.15 167.45
1786414879 114.88 181.15 167.45
1786414880 114.88 181.15 167.45
1786414881 114.88 181.15 167.45
1786414882 106.08 178.22 166.58
1786414883 106.08 178.22 166.58
1786414884 106.08 178.22 166.58
1786414885 106.08 178.22 166.58
1786414886 106.08 178.22 166.58
1786414887 98.23 175.40 165.73
1786414888 98.23 175.40 165.73
1786414889 98.23 175.40 165.73
1786414890 98.23 175.40 165.73
1786414891 98.23 175.40 165.73
1786414892 90.76 172.57 164.86
1786414893 90.76 172.57 164.86
1786414894 90.76 172.57 164.86
1786414895 90.76 172.57 164.86
1786414896 90.76 172.57 164.86
1786414897 83.97 169.80 164.01
1786414898 83.97 169.80 164.01
1786414899 83.97 169.80 164.01
1786414901 83.97 169.80 164.01
1786414902 83.97 169.80 164.01
1786414903 118.65 175.57 165.90
1786414904 118.65 175.57 165.90
1786414905 118.65 175.57 165.90
1786414906 118.65 175.57 165.90
1786414907 118.65 175.57 165.90
1786414908 130.29 177.03 166.43
1786414909 130.29 177.03 166.43
1786414910 130.29 177.03 166.43
1786414911 130.29 177.03 166.43
1786414912 120.26 174.18 165.56
1786414913 120.26 174.18 165.56
1786414914 120.26 174.18 165.56
1786414915 120.26 174.18 165.56
1786414916 120.26 174.18 165.56
1786414917 111.27 171.42 164.72
1786414918 111.27 171.42 164.72
1786414919 111.27 171.42 164.72
1786414920 111.27 171.42 164.72
1786414921 111.27 171.42 164.72
1786414922 102.60 168.62 163.85
1786414923 102.60 168.62 163.85
1786414924 102.60 168.62 163.85
1786414925 102.60 168.62 163.85
1786414926 102.60 168.62 163.85
1786414927 94.54 165.86 162.98
1786414928 94.54 165.86 162.98
1786414929 94.54 165.86 162.98
