1786413538 58.06 33.12 17.12
1786413539 58.06 33.12 17.12
1786413540 58.06 33.12 17.12
1786413541 53.81 32.65 17.06
1786413542 53.81 32.65 17.06
1786413543 53.81 32.65 17.06
1786413544 53.81 32.65 17.06
1786413545 53.81 32.65 17.06
1786413546 49.99 32.21 17.00
1786413547 49.99 32.21 17.00
1786413548 49.99 32.21 17.00
1786413549 49.99 32.21 17.00
1786413550 49.99 32.21 17.00
1786413551 46.30 31.74 16.93
1786413552 46.30 31.74 16.93
1786413553 46.30 31.74 16.93
1786413554 46.30 31.74 16.93
1786413555 46.30 31.74 16.93
1786413556 65.98 36.06 18.40
1786413557 65.98 36.06 18.40
1786413558 65.98 36.06 18.40
1786413559 65.98 36.06 18.40
1786413560 65.98 36.06 18.40
1786413561 81.68 39.81 19.71
1786413562 81.68 39.81 19.71
1786413563 81.68 39.81 19.71
1786413564 81.68 39.81 19.71
1786413565 81.68 39.81 19.71
1786413566 75.54 39.23 19.63
1786413567 75.54 39.23 19.63
1786413568 75.54 39.23 19.63
1786413569 75.54 39.23 19.63
1786413570 75.54 39.23 19.63
1786413571 96.07 44.09 21.31
1786413572 96.07 44.09 21.31
1786413573 96.07 44.09 21.31
1786413574 96.07 44.09 21.31
1786413575 96.07 44.09 21.31
1786413576 128.50 51.68 23.89
1786413577 128.50 51.68 23.89
1786413578 128.50 51.68 23.89
1786413579 128.50 51.68 23.89
1786413580 128.50 51.68 23.89
1786413581 118.61 50.90 23.79
1786413582 118.61 50.90 23.79
1786413583 118.61 50.90 23.79
1786413584 118.61 50.90 23.79
1786413585 118.61 50.90 23.79
1786413586 113.36 50.94 23.94
1786413587 113.36 50.94 23.94
1786413588 113.36 50.94 23.94
1786413589 113.36 50.94 23.94
1786413590 113.36 50.94 23.94
1786413591 109.48 51.17 24.17
1786413592 109.48 51.17 24.17
1786413593 109.48 51.17 24.17
1786413594 109.48 51.17 24.17
1786413595 109.48 51.17 24.17
1786413596 101.20 50.42 24.07
1786413597 101.20 50.42 24.07
1786413598 101.20 50.42 24.07
1786413599 101.20 50.42 24.07
1786413600 101.20 50.42 24.07
1786413601 93.49 49.67 23.97
1786413602 93.49 49.67 23.97
1786413603 93.49 49.67 23.97
1786413604 93.49 49.67 23.97
1786413605 93.49 49.67 23.97
1786413606 96.66 51.05 24.55
1786413607 96.66 51.05 24.55
1786413609 96.66 51.05 24.55
1786413610 96.66 51.05 24.55
1786413611 96.66 51.05 24.55
1786413612 109.82 54.54 25.82
1786413613 109.82 54.54 25.82
1786413614 109.82 54.54 25.82
1786413615 109.82 54.54 25.82
1786413616 111.83 55.87 26.41
1786413617 111.83 55.87 26.41
1786413618 111.83 55.87 26.41
1786413619 111.83 55.87 26.41
1786413620 111.83 55.87 26.41
1786413621 134.35 61.47 28.38
1786413622 134.35 61.47 28.38
1786413623 134.35 61.47 28.38
1786413624 134.35 61.47 28.38
1786413625 134.35 61.47 28.38
1786413626 124.07 60.55 28.26
1786413627 124.07 60.55 28.26
1786413628 124.07 60.55 28.26
1786413629 124.07 60.55 28.26
1786413630 124.07 60.55 28.26
1786413631 114.94 59.71 28.16
1786413632 114.94 59.71 28.16
1786413633 114.94 59.71 28.16
1786413634 114.94 59.71 28.16
1786413635 114.94 59.71 28.16
1786413636 106.45 58.87 28.06
1786413637 106.45 58.87 28.06
1786413638 106.45 58.87 28.06
1786413639 106.45 58.87 28.06
1786413640 106.45 58.87 28.06
1786413641 98.25 57.96 27.93
1786413642 98.25 57.96 27.93
1786413643 98.25 57.96 27.93
1786413644 98.25 57.96 27.93
1786413645 98.25 57.96 27.93
1786413646 90.78 57.08 27.80
1786413647 90.78 57.08 27.80
1786413648 90.78 57.08 27.80
1786413649 90.78 57.08 27.80
1786413650 90.78 57.08 27.80
1786413651 104.49 60.48 29.06
1786413652 104.49 60.48 29.06
1786413653 104.49 60.48 29.06
1786413654 104.49 60.48 29.06
1786413655 104.49 60.48 29.06
1786413656 130.24 66.55 31.19
1786413657 130.24 66.55 31.19
1786413658 130.24 66.55 31.19
1786413659 130.24 66.55 31.19
1786413660 130.24 66.55 31.19
1786413661 130.62 67.68 31.75
1786413662 130.62 67.68 31.75
1786413663 130.62 67.68 31.75
1786413664 130.62 67.68 31.75
1786413665 130.62 67.68 31.75
1786413666 120.72 66.68 31.62
1786413667 120.72 66.68 31.62
1786413668 120.72 66.68 31.62
1786413669 120.72 66.68 31.62
1786413670 120.72 66.68 31.62
1786413671 111.61 65.69 31.48
1786413672 111.61 65.69 31.48
1786413673 111.61 65.69 31.48
1786413674 111.61 65.69 31.48
1786413675 111.61 65.69 31.48
1786413676 103.72 64.81 31.39
1786413677 103.72 64.81 31.39
1786413678 103.72 64.81 31.39
1786413679 103.72 64.81 31.39
1786413680 103.72 64.81 31.39
1786413681 95.97 63.85 31.25
1786413682 95.97 63.85 31.25
1786413683 95.97 63.85 31.25
1786413684 95.97 63.85 31.25
1786413685 95.97 63.85 31.25
1786413686 98.86 64.98 31.80
1786413687 98.86 64.98 31.80
1786413688 98.86 64.98 31.80
1786413689 98.86 64.98 31.80
1786413690 98.86 64.98 31.80
1786413691 109.52 67.76 32.87
1786413692 109.52 67.76 32.87
1786413694 109.52 67.76 32.87
1786413695 109.52 67.76 32.87
1786413696 109.52 67.76 32.87
1786413697 111.24 68.81 33.40
1786413698 111.24 68.81 33.40
1786413699 111.24 68.81 33.40
1786413700 111.24 68.81 33.40
1786413701 111.24 68.81 33.40
1786413702 108.74 68.99 33.65
1786413703 108.74 68.99 33.65
1786413704 108.74 68.99 33.65
1786413705 108.74 68.99 33.65
1786413706 108.74 68.99 33.65
1786413707 101.31 68.11 33.55
1786413708 101.31 68.11 33.55
1786413709 101.31 68.11 33.55
1786413710 101.31 68.11 33.55
1786413711 101.31 68.11 33.55
1786413712 95.36 67.43 33.52
1786413713 95.36 67.43 33.52
1786413714 95.36 67.43 33.52
1786413715 95.36 67.43 33.52
1786413716 89.24 66.62 33.44
1786413717 89.24 66.62 33.44
1786413718 89.24 66.62 33.44
1786413719 89.24 66.62 33.44
