1786410042 138.77 119.75 88.31
1786410043 127.73 117.78 87.84
1786410044 127.73 117.78 87.84
1786410045 127.73 117.78 87.84
1786410046 127.73 117.78 87.84
1786410047 127.73 117.78 87.84
1786410048 117.74 115.87 87.38
1786410049 117.74 115.87 87.38
1786410050 117.74 115.87 87.38
1786410051 117.74 115.87 87.38
1786410052 117.74 115.87 87.38
1786410053 108.47 113.98 86.92
1786410054 108.47 113.98 86.92
1786410055 108.47 113.98 86.92
1786410056 108.47 113.98 86.92
1786410057 108.47 113.98 86.92
1786410058 115.72 115.40 87.52
1786410059 115.72 115.40 87.52
1786410060 115.72 115.40 87.52
1786410061 115.72 115.40 87.52
1786410062 115.72 115.40 87.52
1786410063 106.54 113.50 87.06
1786410064 106.54 113.50 87.06
1786410065 106.54 113.50 87.06
1786410066 106.54 113.50 87.06
1786410067 106.54 113.50 87.06
1786410068 98.25 111.66 86.61
1786410069 98.25 111.66 86.61
1786410070 98.25 111.66 86.61
1786410071 98.25 111.66 86.61
1786410072 98.25 111.66 86.61
1786410073 90.62 109.86 86.16
1786410074 90.62 109.86 86.16
1786410075 90.62 109.86 86.16
1786410076 90.62 109.86 86.16
1786410077 90.62 109.86 86.16
1786410078 83.76 108.12 85.72
1786410079 83.76 108.12 85.72
1786410080 83.76 108.12 85.72
1786410081 83.76 108.12 85.72
1786410082 83.76 108.12 85.72
1786410083 77.21 106.35 85.27
1786410084 77.21 106.35 85.27
1786410085 77.21 106.35 85.27
1786410086 77.21 106.35 85.27
1786410087 77.21 106.35 85.27
1786410088 71.11 104.61 84.82
1786410089 71.11 104.61 84.82
1786410090 71.11 104.61 84.82
1786410091 71.11 104.61 84.82
1786410092 71.11 104.61 84.82
1786410093 65.50 102.89 84.37
1786410094 65.50 102.89 84.37
1786410095 65.50 102.89 84.37
1786410096 65.50 102.89 84.37
1786410097 65.50 102.89 84.37
1786410098 60.41 101.21 83.93
1786410099 60.41 101.21 83.93
1786410100 60.41 101.21 83.93
1786410101 60.41 101.21 83.93
1786410102 60.41 101.21 83.93
1786410103 57.01 99.83 83.57
1786410104 57.01 99.83 83.57
1786410105 57.01 99.83 83.57
1786410106 57.01 99.83 83.57
1786410107 57.01 99.83 83.57
1786410108 52.53 98.19 83.13
1786410109 52.53 98.19 83.13
1786410110 52.53 98.19 83.13
1786410111 52.53 98.19 83.13
1786410112 52.53 98.19 83.13
1786410113 48.40 96.57 82.69
1786410114 48.40 96.57 82.69
1786410115 48.40 96.57 82.69
1786410116 48.40 96.57 82.69
1786410117 48.40 96.57 82.69
1786410118 44.77 95.02 82.26
1786410119 44.77 95.02 82.26
1786410120 44.77 95.02 82.26
1786410121 44.77 95.02 82.26
1786410122 44.77 95.02 82.26
1786410123 41.34 93.47 81.83
1786410124 41.34 93.47 81.83
1786410125 41.34 93.47 81.83
1786410126 41.34 93.47 81.83
1786410127 41.34 93.47 81.83
1786410128 38.43 92.01 81.41
1786410129 38.43 92.01 81.41
1786410130 38.43 92.01 81.41
1786410131 38.43 92.01 81.41
1786410132 38.43 92.01 81.41
1786410133 35.67 90.54 81.00
1786410134 35.67 90.54 81.00
1786410135 35.67 90.54 81.00
1786410136 35.67 90.54 81.00
1786410137 35.67 90.54 81.00
1786410138 33.06 89.09 80.58
1786410139 33.06 89.09 80.58
1786410140 33.06 89.09 80.58
1786410141 33.06 89.09 80.58
1786410142 33.06 89.09 80.58
1786410143 46.27 90.90 81.21
1786410144 46.27 90.90 81.21
1786410146 46.27 90.90 81.21
1786410147 46.27 90.90 81.21
1786410148 46.27 90.90 81.21
1786410149 42.72 89.42 80.78
1786410150 42.72 89.42 80.78
1786410151 42.72 89.42 80.78
1786410152 42.72 89.42 80.78
1786410153 42.72 89.42 80.78
1786410154 39.54 87.99 80.37
1786410155 39.54 87.99 80.37
1786410156 39.54 87.99 80.37
1786410157 39.54 87.99 80.37
1786410158 39.54 87.99 80.37
1786410159 36.53 86.56 79.94
1786410160 36.53 86.56 79.94
1786410161 36.53 86.56 79.94
1786410162 36.53 86.56 79.94
1786410163 36.53 86.56 79.94
1786410164 33.69 85.14 79.52
1786410165 33.69 85.14 79.52
1786410166 33.69 85.14 79.52
1786410167 33.69 85.14 79.52
1786410168 33.69 85.14 79.52
1786410169 31.15 83.76 79.10
1786410170 31.15 83.76 79.10
1786410171 31.15 83.76 79.10
1786410172 31.15 83.76 79.10
1786410173 31.15 83.76 79.10
1786410174 44.51 85.66 79.74
1786410175 44.51 85.66 79.74
1786410176 44.51 85.66 79.74
1786410177 44.51 85.66 79.74
1786410178 44.51 85.66 79.74
1786410179 42.71 84.60 79.43
1786410180 42.71 84.60 79.43
1786410181 42.71 84.60 79.43
1786410182 42.71 84.60 79.43
1786410183 42.71 84.60 79.43
1786410184 39.45 83.23 79.02
1786410185 39.45 83.23 79.02
1786410186 39.45 83.23 79.02
1786410187 39.45 83.23 79.02
1786410188 39.45 83.23 79.02
1786410189 36.77 81.94 78.62
1786410190 36.77 81.94 78.62
1786410191 36.77 81.94 78.62
1786410192 36.77 81.94 78.62
1786410193 36.77 81.94 78.62
1786410194 34.06 80.63 78.22
1786410195 34.06 80.63 78.22
1786410196 34.06 80.63 78.22
1786410197 34.06 80.63 78.22
1786410198 47.51 82.65 78.88
1786410199 47.51 82.65 78.88
1786410200 47.51 82.65 78.88
1786410201 47.51 82.65 78.88
1786410202 47.51 82.65 78.88
1786410203 43.79 81.29 78.46
1786410204 43.79 81.29 78.46
1786410205 43.79 81.29 78.46
1786410206 43.79 81.29 78.46
1786410207 43.79 81.29 78.46
1786410208 40.60 80.01 78.06
1786410209 40.60 80.01 78.06
1786410210 40.60 80.01 78.06
1786410211 40.60 80.01 78.06
1786410212 40.60 80.01 78.06
1786410213 37.43 78.70 77.65
1786410214 37.43 78.70 77.65
1786410215 37.43 78.70 77.65
1786410216 37.43 78.70 77.65
1786410217 37.43 78.70 77.65
1786410218 34.91 77.49 77.26
1786410219 34.91 77.49 77.26
1786410220 34.91 77.49 77.26
1786410221 34.91 77.49 77.26
1786410222 34.91 77.49 77.26
1786410223 32.36 76.25 76.86
1786410224 32.36 76.25 76.86
1786410225 32.36 76.25 76.86
1786410226 32.36 76.25 76.86
1786410227 32.36 76.25 76.86
1786410228 30.49 75.14 76.50
1786410229 30.49 75.14 76.50
1786410230 30.49 75.14 76.50
1786410231 30.49 75.14 76.50
1786410232 30.49 75.14 76.50
1786410233 28.21 73.92 76.10
1786410234 28.21 73.92 76.10
1786410235 28.21 73.92 76.10
1786410236 28.21 73.92 76.10
1786410237 28.21 73.92 76.10
1786410238 26.35 72.78 75.72
1786410239 26.35 72.78 75.72
1786410240 26.35 72.78 75.72
1786410241 26.35 72.78 75.72
1786410242 26.35 72.78 75.72
1786410243 24.40 71.60 75.32
1786410244 24.40 71.60 75.32
1786410245 24.40 71.60 75.32
1786410246 24.40 71.60 75.32
1786410247 24.40 71.60 75.32
1786410248 22.76 70.48 74.94
1786410249 22.76 70.48 74.94
1786410250 22.76 70.48 74.94
1786410251 22.76 70.48 74.94
1786410252 22.76 70.48 74.94
1786410253 21.02 69.33 74.54
1786410254 21.02 69.33 74.54
1786410255 21.02 69.33 74.54
1786410256 21.02 69.33 74.54
1786410257 21.02 69.33 74.54
1786410258 19.66 68.24 74.16
1786410259 19.66 68.24 74.16
1786410260 19.66 68.24 74.16
1786410261 19.66 68.24 74.16
1786410262 19.66 68.24 74.16
1786410263 18.32 67.16 73.78
1786410264 18.32 67.16 73.78
1786410265 18.32 67.16 73.78
1786410266 18.32 67.16 73.78
1786410267 18.32 67.16 73.78
1786410268 17.02 66.08 73.39
1786410269 17.02 66.08 73.39
1786410270 17.02 66.08 73.39
1786410271 17.02 66.08 73.39
1786410272 17.02 66.08 73.39
1786410273 15.73 65.00 73.00
1786410274 15.73 65.00 73.00
1786410275 15.73 65.00 73.00
1786410276 15.73 65.00 73.00
1786410277 15.73 65.00 73.00
1786410278 30.41 67.22 73.68
1786410279 30.41 67.22 73.68
1786410280 30.41 67.22 73.68
1786410281 30.41 67.22 73.68
1786410282 30.41 67.22 73.68
1786410283 45.75 69.79 74.48
1786410284 45.75 69.79 74.48
1786410285 45.75 69.79 74.48
1786410286 45.75 69.79 74.48
1786410287 45.75 69.79 74.48
1786410288 42.25 68.66 74.09
1786410289 42.25 68.66 74.09
1786410290 42.25 68.66 74.09
1786410292 42.25 68.66 74.09
1786410293 42.25 68.66 74.09
1786410294 39.26 67.61 73.72
1786410295 39.26 67.61 73.72
1786410296 39.26 67.61 73.72
1786410297 39.26 67.61 73.72
1786410298 39.26 67.61 73.72
1786410299 36.52 66.57 73.35
1786410300 36.52 66.57 73.35
1786410301 36.52 66.57 73.35
1786410302 36.52 66.57 73.35
1786410303 36.52 66.57 73.35
1786410304 33.68 65.48 72.96
1786410305 33.68 65.48 72.96
1786410306 33.68 65.48 72.96
1786410307 33.68 65.48 72.96
1786410308 33.68 65.48 72.96
1786410309 31.14 64.43 72.58
1786410310 31.14 64.43 72.58
1786410311 31.14 64.43 72.58
1786410312 31.14 64.43 72.58
1786410313 31.14 64.43 72.58
1786410314 28.97 63.42 72.21
1786410315 28.97 63.42 72.21
1786410316 28.97 63.42 72.21
1786410317 28.97 63.42 72.21
1786410318 28.97 63.42 72.21
1786410319 26.81 62.40 71.83
1786410320 26.81 62.40 71.83
1786410321 26.81 62.40 71.83
1786410322 26.81 62.40 71.83
1786410323 26.81 62.40 71.83
1786410324 25.06 61.45 71.47
1786410325 25.06 61.45 71.47
1786410326 25.06 61.45 71.47
1786410327 25.06 61.45 71.47
1786410328 25.06 61.45 71.47
1786410329 23.37 60.49 71.11
1786410330 23.37 60.49 71.11
1786410331 23.37 60.49 71.11
1786410332 23.37 60.49 71.11
1786410333 23.37 60.49 71.11
1786410334 37.52 62.81 71.80
1786410335 37.52 62.81 71.80
1786410336 37.52 62.81 71.80
1786410337 37.52 62.81 71.80
1786410338 37.52 62.81 71.80
1786410339 34.67 61.80 71.43
1786410340 34.67 61.80 71.43
1786410341 34.67 61.80 71.43
1786410342 34.67 61.80 71.43
1786410343 34.67 61.80 71.43
1786410344 32.46 60.89 71.08
1786410345 32.46 60.89 71.08
1786410346 32.46 60.89 71.08
1786410347 32.46 60.89 71.08
1786410348 32.46 60.89 71.08
1786410349 30.34 59.98 70.73
1786410350 30.34 59.98 70.73
1786410351 30.34 59.98 70.73
1786410352 30.34 59.98 70.73
1786410353 30.34 59.98 70.73
1786410354 28.63 59.13 70.40
1786410355 28.63 59.13 70.40
1786410356 28.63 59.13 70.40
1786410357 28.63 59.13 70.40
1786410358 28.63 59.13 70.40
1786410359 42.51 61.50 71.11
1786410360 42.51 61.50 71.11
1786410361 42.51 61.50 71.11
1786410362 42.51 61.50 71.11
1786410363 39.51 60.57 70.75
1786410364 39.51 60.57 70.75
1786410365 39.51 60.57 70.75
1786410366 39.51 60.57 70.75
1786410367 39.51 60.57 70.75
1786410368 36.50 59.59 70.38
1786410369 36.50 59.59 70.38
1786410370 36.50 59.59 70.38
1786410371 36.50 59.59 70.38
1786410372 36.50 59.59 70.38
1786410373 34.22 58.74 70.05
1786410374 34.22 58.74 70.05
1786410375 34.22 58.74 70.05
1786410376 34.22 58.74 70.05
1786410377 34.22 58.74 70.05
1786410378 31.56 57.78 69.67
1786410379 31.56 57.78 69.67
1786410380 31.56 57.78 69.67
1786410381 31.56 57.78 69.67
1786410382 31.56 57.78 69.67
1786410383 29.27 56.87 69.32
1786410384 29.27 56.87 69.32
1786410385 29.27 56.87 69.32
1786410386 29.27 56.87 69.32
1786410387 29.27 56.87 69.32
1786410388 27.25 55.99 68.97
1786410389 27.25 55.99 68.97
1786410390 27.25 55.99 68.97
1786410391 27.25 55.99 68.97
1786410392 27.25 55.99 68.97
1786410393 41.88 58.55 69.72
1786410394 41.88 58.55 69.72
1786410395 41.88 58.55 69.72
1786410396 41.88 58.55 69.72
1786410397 41.88 58.55 69.72
1786410398 38.85 57.64 69.37
1786410399 38.85 57.64 69.37
1786410400 38.85 57.64 69.37
1786410401 38.85 57.64 69.37
1786410402 38.85 57.64 69.37
1786410403 36.30 56.80 69.03
1786410404 36.30 56.80 69.03
1786410405 36.30 56.80 69.03
1786410406 36.30 56.80 69.03
1786410407 36.30 56.80 69.03
1786410408 33.63 55.91 68.68
1786410409 33.63 55.91 68.68
1786410410 33.63 55.91 68.68
1786410411 33.63 55.91 68.68
1786410412 33.63 55.91 68.68
1786410413 46.95 58.30 69.39
1786410414 46.95 58.30 69.39
1786410415 46.95 58.30 69.39
1786410416 46.95 58.30 69.39
1786410417 46.95 58.30 69.39
1786410418 43.43 57.38 69.03
1786410419 43.43 57.38 69.03
1786410420 43.43 57.38 69.03
1786410421 43.43 57.38 69.03
1786410422 43.43 57.38 69.03
1786410423 40.36 56.51 68.68
1786410424 40.36 56.51 68.68
1786410425 40.36 56.51 68.68
1786410426 40.36 56.51 68.68
1786410427 40.36 56.51 68.68
1786410428 37.37 55.62 68.33
1786410429 37.37 55.62 68.33
1786410430 37.37 55.62 68.33
1786410431 37.37 55.62 68.33
1786410432 37.37 55.62 68.33
1786410433 36.21 55.08 68.09
1786410434 36.21 55.08 68.09
1786410435 36.21 55.08 68.09
1786410436 36.21 55.08 68.09
1786410437 36.21 55.08 68.09
1786410439 33.71 54.25 67.75
1786410440 33.71 54.25 67.75
1786410441 33.71 54.25 67.75
1786410442 33.71 54.25 67.75
1786410443 33.71 54.25 67.75
1786410444 31.33 53.41 67.41
1786410445 31.33 53.41 67.41
1786410446 31.33 53.41 67.41
1786410447 31.33 53.41 67.41
1786410448 31.33 53.41 67.41
1786410449 29.23 52.61 67.07
1786410450 29.23 52.61 67.07
1786410451 29.23 52.61 67.07
1786410452 29.23 52.61 67.07
1786410453 29.23 52.61 67.07
1786410454 27.61 51.89 66.76
1786410455 27.61 51.89 66.76
1786410456 27.61 51.89 66.76
1786410457 27.61 51.89 66.76
1786410458 27.61 51.89 66.76
1786410459 26.12 51.17 66.45
1786410460 26.12 51.17 66.45
1786410461 26.12 51.17 66.45
1786410462 26.12 51.17 66.45
1786410463 26.12 51.17 66.45
1786410464 24.58 50.44 66.13
1786410465 24.58 50.44 66.13
1786410466 24.58 50.44 66.13
1786410467 24.58 50.44 66.13
1786410468 24.58 50.44 66.13
1786410469 22.70 49.62 65.78
1786410470 22.70 49.62 65.78
1786410471 22.70 49.62 65.78
1786410472 22.70 49.62 65.78
1786410473 22.70 49.62 65.78
1786410474 21.20 48.86 65.45
1786410475 21.20 48.86 65.45
1786410476 21.20 48.86 65.45
1786410477 21.20 48.86 65.45
1786410478 21.20 48.86 65.45
1786410479 20.46 48.25 65.16
1786410480 20.46 48.25 65.16
1786410481 20.46 48.25 65.16
1786410482 20.46 48.25 65.16
1786410483 20.46 48.25 65.16
1786410484 19.70 47.63 64.87
1786410485 19.70 47.63 64.87
1786410486 19.70 47.63 64.87
