1786401378 6.70 9.05 5.85
1786401379 6.70 9.05 5.85
1786401380 6.70 9.05 5.85
1786401381 6.33 8.93 5.83
1786401382 6.33 8.93 5.83
1786401383 6.33 8.93 5.83
1786401384 6.33 8.93 5.83
1786401385 6.33 8.93 5.83
1786401386 5.98 8.82 5.81
1786401387 5.98 8.82 5.81
1786401388 5.98 8.82 5.81
1786401389 5.98 8.82 5.81
1786401390 5.98 8.82 5.81
1786401391 5.66 8.71 5.79
1786401392 5.66 8.71 5.79
1786401393 5.66 8.71 5.79
1786401394 5.66 8.71 5.79
1786401395 5.66 8.71 5.79
1786401396 15.70 10.74 6.46
1786401397 15.70 10.74 6.46
1786401398 15.70 10.74 6.46
1786401399 15.70 10.74 6.46
1786401400 15.70 10.74 6.46
1786401401 14.60 10.59 6.43
1786401402 14.60 10.59 6.43
1786401403 14.60 10.59 6.43
1786401404 14.60 10.59 6.43
1786401405 14.60 10.59 6.43
1786401406 13.83 10.50 6.43
1786401407 13.83 10.50 6.43
1786401408 13.83 10.50 6.43
1786401409 13.83 10.50 6.43
1786401410 13.83 10.50 6.43
1786401411 13.12 10.41 6.42
1786401412 13.12 10.41 6.42
1786401413 13.12 10.41 6.42
1786401414 13.12 10.41 6.42
1786401415 13.12 10.41 6.42
1786401416 12.39 10.30 6.41
1786401417 12.39 10.30 6.41
1786401418 12.39 10.30 6.41
1786401419 12.39 10.30 6.41
1786401420 12.39 10.30 6.41
1786401421 11.80 10.21 6.40
1786401422 11.80 10.21 6.40
1786401423 11.80 10.21 6.40
1786401424 11.80 10.21 6.40
1786401425 11.80 10.21 6.40
1786401426 31.84 14.39 7.77
1786401427 31.84 14.39 7.77
1786401428 31.84 14.39 7.77
1786401429 31.84 14.39 7.77
1786401430 31.84 14.39 7.77
1786401431 29.53 14.20 7.74
1786401432 29.53 14.20 7.74
1786401433 29.53 14.20 7.74
1786401434 29.53 14.20 7.74
1786401435 29.53 14.20 7.74
1786401436 27.64 14.07 7.73
1786401437 27.64 14.07 7.73
1786401438 27.64 14.07 7.73
1786401439 27.64 14.07 7.73
1786401440 27.64 14.07 7.73
1786401441 25.59 13.87 7.70
1786401442 25.59 13.87 7.70
1786401443 25.59 13.87 7.70
1786401444 25.59 13.87 7.70
1786401445 25.59 13.87 7.70
1786401446 23.70 13.67 7.67
1786401447 23.70 13.67 7.67
1786401449 23.70 13.67 7.67
1786401450 23.70 13.67 7.67
1786401451 23.70 13.67 7.67
1786401452 32.13 15.58 8.32
1786401453 32.13 15.58 8.32
1786401454 32.13 15.58 8.32
1786401455 32.13 15.58 8.32
1786401456 32.13 15.58 8.32
1786401457 29.80 15.37 8.30
1786401458 29.80 15.37 8.30
1786401459 29.80 15.37 8.30
1786401460 29.80 15.37 8.30
1786401461 29.80 15.37 8.30
1786401462 37.82 17.28 8.95
1786401463 37.82 17.28 8.95
1786401464 37.82 17.28 8.95
1786401465 37.82 17.28 8.95
1786401466 37.82 17.28 8.95
1786401467 35.11 17.06 8.92
1786401468 35.11 17.06 8.92
1786401469 35.11 17.06 8.92
1786401470 35.11 17.06 8.92
1786401471 35.11 17.06 8.92
1786401472 32.54 16.82 8.89
1786401473 32.54 16.82 8.89
1786401474 32.54 16.82 8.89
1786401475 32.54 16.82 8.89
1786401476 32.54 16.82 8.89
1786401477 50.60 20.83 10.23
1786401478 50.60 20.83 10.23
1786401479 50.60 20.83 10.23
1786401480 50.60 20.83 10.23
1786401481 50.60 20.83 10.23
1786401482 46.79 20.53 10.19
1786401483 46.79 20.53 10.19
1786401484 46.79 20.53 10.19
1786401485 46.79 20.53 10.19
1786401486 46.79 20.53 10.19
1786401487 43.36 20.26 10.16
1786401488 43.36 20.26 10.16
1786401489 43.36 20.26 10.16
1786401490 43.36 20.26 10.16
1786401491 43.36 20.26 10.16
1786401492 40.37 20.02 10.13
1786401493 40.37 20.02 10.13
1786401494 40.37 20.02 10.13
1786401495 40.37 20.02 10.13
1786401496 40.37 20.02 10.13
1786401497 37.37 19.74 10.10
1786401498 37.37 19.74 10.10
1786401499 37.37 19.74 10.10
1786401500 37.37 19.74 10.10
1786401501 37.37 19.74 10.10
1786401502 34.70 19.47 10.06
1786401503 34.70 19.47 10.06
1786401504 34.70 19.47 10.06
1786401505 34.70 19.47 10.06
1786401506 32.40 19.25 10.04
1786401507 32.40 19.25 10.04
1786401508 32.40 19.25 10.04
1786401509 32.40 19.25 10.04
1786401510 32.40 19.25 10.04
1786401511 46.22 22.33 11.09
1786401512 46.22 22.33 11.09
1786401513 46.22 22.33 11.09
1786401514 46.22 22.33 11.09
1786401515 46.22 22.33 11.09
1786401516 43.08 22.08 11.07
1786401517 43.08 22.08 11.07
1786401518 43.08 22.08 11.07
1786401519 43.08 22.08 11.07
1786401520 43.08 22.08 11.07
1786401521 40.11 21.81 11.04
1786401522 40.11 21.81 11.04
1786401523 40.11 21.81 11.04
1786401524 40.11 21.81 11.04
1786401525 40.11 21.81 11.04
1786401526 37.62 21.60 11.03
1786401527 37.62 21.60 11.03
1786401528 37.62 21.60 11.03
1786401529 37.62 21.60 11.03
1786401530 37.62 21.60 11.03
1786401531 35.01 21.32 10.99
1786401532 35.01 21.32 10.99
1786401533 35.01 21.32 10.99
1786401534 35.01 21.32 10.99
1786401535 35.01 21.32 10.99
1786401536 42.70 23.14 11.64
1786401537 42.70 23.14 11.64
1786401538 42.70 23.14 11.64
1786401539 42.70 23.14 11.64
1786401540 42.70 23.14 11.64
1786401541 59.54 26.96 12.94
1786401542 59.54 26.96 12.94
1786401543 59.54 26.96 12.94
1786401544 59.54 26.96 12.94
1786401545 59.54 26.96 12.94
1786401546 55.17 26.60 12.89
1786401547 55.17 26.60 12.89
1786401548 55.17 26.60 12.89
1786401549 55.17 26.60 12.89
1786401550 55.17 26.60 12.89
1786401551 50.91 26.19 12.83
1786401552 50.91 26.19 12.83
1786401553 50.91 26.19 12.83
1786401554 50.91 26.19 12.83
1786401555 50.91 26.19 12.83
1786401556 47.15 25.82 12.79
1786401557 47.15 25.82 12.79
1786401558 47.15 25.82 12.79
1786401559 47.15 25.82 12.79
1786401560 47.15 25.82 12.79
1786401561 43.78 25.47 12.74
1786401562 43.78 25.47 12.74
1786401563 43.78 25.47 12.74
1786401564 43.78 25.47 12.74
1786401565 43.78 25.47 12.74
1786401566 44.12 25.85 12.93
1786401567 44.12 25.85 12.93
1786401568 44.12 25.85 12.93
1786401569 44.12 25.85 12.93
1786401570 44.12 25.85 12.93
1786401571 40.90 25.48 12.89
1786401572 40.90 25.48 12.89
1786401573 40.90 25.48 12.89
1786401574 40.90 25.48 12.89
1786401575 40.90 25.48 12.89
1786401576 38.91 25.33 12.90
1786401577 38.91 25.33 12.90
1786401578 38.91 25.33 12.90
1786401579 38.91 25.33 12.90
1786401580 38.91 25.33 12.90
1786401581 36.35 25.02 12.87
1786401582 36.35 25.02 12.87
1786401583 36.35 25.02 12.87
1786401584 36.35 25.02 12.87
1786401585 36.35 25.02 12.87
1786401586 33.76 24.67 12.82
1786401587 33.76 24.67 12.82
1786401588 33.76 24.67 12.82
1786401589 33.76 24.67 12.82
1786401590 33.76 24.67 12.82
1786401591 31.30 24.31 12.77
1786401592 31.30 24.31 12.77
1786401594 31.30 24.31 12.77
1786401595 31.30 24.31 12.77
1786401596 31.30 24.31 12.77
1786401597 29.51 24.06 12.75
1786401598 29.51 24.06 12.75
1786401599 29.51 24.06 12.75
1786401600 29.51 24.06 12.75
1786401601 29.51 24.06 12.75
1786401602 33.32 24.94 13.09
1786401603 33.32 24.94 13.09
1786401604 33.32 24.94 13.09
1786401605 33.32 24.94 13.09
1786401606 33.32 24.94 13.09
1786401607 31.53 24.71 13.08
1786401608 31.53 24.71 13.08
1786401609 31.53 24.71 13.08
1786401610 31.53 24.71 13.08
1786401611 31.53 24.71 13.08
1786401612 29.08 24.31 13.02
1786401613 29.08 24.31 13.02
1786401614 29.08 24.31 13.02
1786401615 29.08 24.31 13.02
