1786400942 1.63 1.82 2.16
1786400943 1.63 1.82 2.16
1786400944 1.63 1.82 2.16
1786400945 1.63 1.82 2.16
1786400946 1.74 1.84 2.16
1786400947 1.74 1.84 2.16
1786400948 1.74 1.84 2.16
1786400949 1.74 1.84 2.16
1786400950 1.74 1.84 2.16
1786400951 2.32 1.96 2.20
1786400952 2.32 1.96 2.20
1786400953 2.32 1.96 2.20
1786400954 2.32 1.96 2.20
1786400955 2.32 1.96 2.20
1786400956 2.77 2.06 2.23
1786400957 2.77 2.06 2.23
1786400958 2.77 2.06 2.23
1786400959 2.77 2.06 2.23
1786400960 2.77 2.06 2.23
1786400961 2.79 2.07 2.23
1786400962 2.79 2.07 2.23
1786400963 2.79 2.07 2.23
1786400964 2.79 2.07 2.23
1786400965 2.79 2.07 2.23
1786400966 2.97 2.12 2.25
1786400967 2.97 2.12 2.25
1786400968 2.97 2.12 2.25
1786400969 2.97 2.12 2.25
1786400970 2.97 2.12 2.25
1786400971 3.05 2.15 2.26
1786400972 3.05 2.15 2.26
1786400973 3.05 2.15 2.26
1786400974 3.05 2.15 2.26
1786400975 3.05 2.15 2.26
1786400976 3.77 2.32 2.31
1786400977 3.77 2.32 2.31
1786400978 3.77 2.32 2.31
1786400979 3.77 2.32 2.31
1786400980 3.77 2.32 2.31
1786400981 3.95 2.38 2.33
1786400982 3.95 2.38 2.33
1786400983 3.95 2.38 2.33
1786400984 3.95 2.38 2.33
1786400985 3.95 2.38 2.33
1786400986 3.87 2.39 2.34
1786400987 3.87 2.39 2.34
1786400988 3.87 2.39 2.34
1786400989 3.87 2.39 2.34
1786400990 3.87 2.39 2.34
1786400991 3.64 2.37 2.33
1786400992 3.64 2.37 2.33
1786400993 3.64 2.37 2.33
1786400994 3.64 2.37 2.33
1786400995 3.64 2.37 2.33
1786400996 3.51 2.36 2.33
1786400997 3.51 2.36 2.33
1786400998 3.51 2.36 2.33
1786400999 3.51 2.36 2.33
1786401000 3.51 2.36 2.33
1786401001 4.75 2.64 2.42
1786401002 4.75 2.64 2.42
1786401003 4.75 2.64 2.42
1786401004 4.75 2.64 2.42
1786401005 4.75 2.64 2.42
1786401006 4.53 2.62 2.41
1786401008 4.53 2.62 2.41
1786401009 4.53 2.62 2.41
1786401010 4.53 2.62 2.41
1786401011 4.17 2.58 2.40
1786401012 4.17 2.58 2.40
1786401013 4.17 2.58 2.40
1786401014 4.17 2.58 2.40
1786401015 4.17 2.58 2.40
1786401016 14.48 4.75 3.10
1786401017 14.48 4.75 3.10
1786401018 14.48 4.75 3.10
1786401019 14.48 4.75 3.10
1786401020 14.48 4.75 3.10
1786401021 13.48 4.70 3.10
1786401022 13.48 4.70 3.10
1786401023 13.48 4.70 3.10
1786401024 13.48 4.70 3.10
1786401025 13.48 4.70 3.10
1786401026 12.64 4.67 3.09
1786401027 12.64 4.67 3.09
1786401028 12.64 4.67 3.09
1786401029 12.64 4.67 3.09
1786401030 12.64 4.67 3.09
1786401031 14.67 5.23 3.28
1786401032 14.67 5.23 3.28
1786401033 14.67 5.23 3.28
1786401034 14.67 5.23 3.28
1786401035 14.67 5.23 3.28
1786401036 13.66 5.17 3.27
1786401037 13.66 5.17 3.27
1786401038 13.66 5.17 3.27
1786401039 13.66 5.17 3.27
1786401040 13.66 5.17 3.27
1786401041 12.65 5.10 3.26
1786401042 12.65 5.10 3.26
1786401043 12.65 5.10 3.26
1786401044 12.65 5.10 3.26
1786401045 12.65 5.10 3.26
1786401046 12.19 5.13 3.28
1786401047 12.19 5.13 3.28
1786401048 12.19 5.13 3.28
1786401049 12.19 5.13 3.28
1786401050 12.19 5.13 3.28
1786401051 11.54 5.12 3.29
1786401052 11.54 5.12 3.29
1786401053 11.54 5.12 3.29
1786401054 11.54 5.12 3.29
1786401055 11.54 5.12 3.29
1786401056 10.77 5.06 3.28
1786401057 10.77 5.06 3.28
1786401058 10.77 5.06 3.28
1786401059 10.77 5.06 3.28
1786401060 10.77 5.06 3.28
1786401061 14.15 5.86 3.55
1786401062 14.15 5.86 3.55
1786401063 14.15 5.86 3.55
1786401064 14.15 5.86 3.55
1786401065 14.15 5.86 3.55
1786401066 13.18 5.80 3.54
1786401067 13.18 5.80 3.54
1786401068 13.18 5.80 3.54
1786401069 13.18 5.80 3.54
1786401070 13.18 5.80 3.54
1786401071 12.37 5.75 3.53
1786401072 12.37 5.75 3.53
1786401073 12.37 5.75 3.53
1786401074 12.37 5.75 3.53
1786401075 12.37 5.75 3.53
1786401076 12.10 5.80 3.56
1786401077 12.10 5.80 3.56
1786401078 12.10 5.80 3.56
1786401079 12.10 5.80 3.56
1786401080 12.10 5.80 3.56
1786401081 11.61 5.81 3.58
1786401082 11.61 5.81 3.58
1786401083 11.61 5.81 3.58
1786401084 11.61 5.81 3.58
1786401085 11.61 5.81 3.58
1786401086 10.92 5.76 3.57
1786401087 10.92 5.76 3.57
1786401088 10.92 5.76 3.57
1786401089 10.92 5.76 3.57
1786401090 10.92 5.76 3.57
1786401091 10.36 5.73 3.58
1786401092 10.36 5.73 3.58
1786401093 10.36 5.73 3.58
1786401094 10.36 5.73 3.58
1786401095 10.36 5.73 3.58
1786401096 9.69 5.67 3.57
1786401097 9.69 5.67 3.57
1786401098 9.69 5.67 3.57
1786401099 9.69 5.67 3.57
1786401100 9.69 5.67 3.57
1786401101 9.08 5.61 3.56
1786401102 9.08 5.61 3.56
1786401103 9.08 5.61 3.56
1786401104 9.08 5.61 3.56
1786401105 9.08 5.61 3.56
1786401106 19.08 7.74 4.26
1786401107 19.08 7.74 4.26
1786401108 19.08 7.74 4.26
1786401109 19.08 7.74 4.26
1786401110 19.08 7.74 4.26
1786401111 21.56 8.44 4.51
1786401112 21.56 8.44 4.51
1786401113 21.56 8.44 4.51
1786401114 21.56 8.44 4.51
1786401115 21.56 8.44 4.51
1786401116 19.99 8.33 4.49
1786401117 19.99 8.33 4.49
1786401118 19.99 8.33 4.49
1786401119 19.99 8.33 4.49
1786401120 19.99 8.33 4.49
1786401121 28.64 10.32 5.16
1786401122 28.64 10.32 5.16
1786401123 28.64 10.32 5.16
1786401124 28.64 10.32 5.16
1786401125 28.64 10.32 5.16
1786401126 26.67 10.22 5.15
1786401127 26.67 10.22 5.15
1786401128 26.67 10.22 5.15
1786401129 26.67 10.22 5.15
1786401130 26.67 10.22 5.15
1786401131 24.69 10.08 5.13
1786401132 24.69 10.08 5.13
1786401133 24.69 10.08 5.13
1786401134 24.69 10.08 5.13
1786401135 24.69 10.08 5.13
1786401136 23.27 10.03 5.14
1786401137 23.27 10.03 5.14
1786401138 23.27 10.03 5.14
1786401139 23.27 10.03 5.14
1786401140 23.27 10.03 5.14
1786401141 21.57 9.89 5.13
1786401142 21.57 9.89 5.13
1786401143 21.57 9.89 5.13
1786401144 21.57 9.89 5.13
1786401145 21.57 9.89 5.13
1786401146 20.00 9.76 5.11
1786401147 20.00 9.76 5.11
1786401148 20.00 9.76 5.11
1786401149 20.00 9.76 5.11
1786401150 20.00 9.76 5.11
1786401151 18.48 9.62 5.09
1786401152 18.48 9.62 5.09
1786401153 18.48 9.62 5.09
1786401154 18.48 9.62 5.09
1786401156 18.48 9.62 5.09
1786401157 17.08 9.47 5.06
1786401158 17.08 9.47 5.06
1786401159 17.08 9.47 5.06
1786401160 17.08 9.47 5.06
1786401161 17.08 9.47 5.06
1786401162 15.79 9.33 5.04
1786401163 15.79 9.33 5.04
1786401164 15.79 9.33 5.04
1786401165 15.79 9.33 5.04
1786401166 15.79 9.33 5.04
1786401167 15.09 9.29 5.05
1786401168 15.09 9.29 5.05
1786401169 15.09 9.29 5.05
1786401170 15.09 9.29 5.05
1786401171 15.09 9.29 5.05
1786401172 13.88 9.14 5.03
1786401173 13.88 9.14 5.03
1786401174 13.88 9.14 5.03
1786401175 13.88 9.14 5.03
1786401176 12.93 9.02 5.01
1786401177 12.93 9.02 5.01
1786401178 12.93 9.02 5.01
1786401179 12.93 9.02 5.01
1786401180 12.93 9.02 5.01
1786401181 11.97 8.89 4.99
1786401182 11.97 8.89 4.99
1786401183 11.97 8.89 4.99
1786401184 11.97 8.89 4.99
1786401185 11.97 8.89 4.99
1786401186 11.25 8.79 4.98
1786401187 11.25 8.79 4.98
1786401188 11.25 8.79 4.98
1786401189 11.25 8.79 4.98
1786401190 11.25 8.79 4.98
1786401191 10.67 8.71 4.97
1786401192 10.67 8.71 4.97
1786401193 10.67 8.71 4.97
1786401194 10.67 8.71 4.97
1786401195 10.67 8.71 4.97
1786401196 10.30 8.66 4.98
1786401197 10.30 8.66 4.98
1786401198 10.30 8.66 4.98
1786401199 10.30 8.66 4.98
1786401200 10.30 8.66 4.98
1786401201 9.63 8.55 4.96
1786401202 9.63 8.55 4.96
1786401203 9.63 8.55 4.96
1786401204 9.63 8.55 4.96
1786401205 9.63 8.55 4.96
1786401206 9.42 8.53 4.97
1786401207 9.42 8.53 4.97
1786401208 9.42 8.53 4.97
1786401209 9.42 8.53 4.97
1786401210 9.42 8.53 4.97
1786401211 8.83 8.42 4.96
1786401212 8.83 8.42 4.96
1786401213 8.83 8.42 4.96
1786401214 8.83 8.42 4.96
1786401215 8.83 8.42 4.96
1786401216 8.20 8.30 4.93
1786401217 8.20 8.30 4.93
1786401218 8.20 8.30 4.93
1786401219 8.20 8.30 4.93
1786401220 8.20 8.30 4.93
1786401221 7.62 8.17 4.91
1786401222 7.62 8.17 4.91
1786401223 7.62 8.17 4.91
1786401224 7.62 8.17 4.91
1786401225 7.62 8.17 4.91
1786401226 7.41 8.12 4.91
1786401227 7.41 8.12 4.91
1786401228 7.41 8.12 4.91
1786401229 7.41 8.12 4.91
1786401230 7.41 8.12 4.91
1786401231 6.98 8.02 4.90
1786401232 6.98 8.02 4.90
1786401233 6.98 8.02 4.90
1786401234 6.98 8.02 4.90
1786401235 6.98 8.02 4.90
1786401236 6.50 7.90 4.88
1786401237 6.50 7.90 4.88
1786401238 6.50 7.90 4.88
1786401239 6.50 7.90 4.88
1786401240 6.50 7.90 4.88
1786401241 6.30 7.84 4.87
1786401242 6.30 7.84 4.87
1786401243 6.30 7.84 4.87
1786401244 6.30 7.84 4.87
1786401245 6.30 7.84 4.87
1786401246 6.04 7.76 4.86
1786401247 6.04 7.76 4.86
1786401248 6.04 7.76 4.86
1786401249 6.04 7.76 4.86
1786401250 6.04 7.76 4.86
1786401251 5.95 7.71 4.86
1786401252 5.95 7.71 4.86
1786401253 5.95 7.71 4.86
1786401254 5.95 7.71 4.86
1786401255 5.95 7.71 4.86
1786401256 16.21 9.81 5.56
1786401257 16.21 9.81 5.56
1786401258 16.21 9.81 5.56
1786401259 16.21 9.81 5.56
1786401260 16.21 9.81 5.56
1786401261 14.99 9.66 5.53
1786401262 14.99 9.66 5.53
1786401263 14.99 9.66 5.53
1786401264 14.99 9.66 5.53
1786401265 14.99 9.66 5.53
1786401266 13.95 9.53 5.51
1786401267 13.95 9.53 5.51
1786401268 13.95 9.53 5.51
1786401269 13.95 9.53 5.51
1786401270 13.95 9.53 5.51
1786401271 13.07 9.43 5.50
1786401272 13.07 9.43 5.50
1786401273 13.07 9.43 5.50
1786401274 13.07 9.43 5.50
1786401275 13.07 9.43 5.50
1786401276 12.10 9.29 5.47
1786401277 12.10 9.29 5.47
1786401278 12.10 9.29 5.47
1786401279 12.10 9.29 5.47
1786401280 12.10 9.29 5.47
1786401281 21.71 11.32 6.15
1786401282 21.71 11.32 6.15
1786401283 21.71 11.32 6.15
1786401284 21.71 11.32 6.15
1786401285 21.71 11.32 6.15
1786401286 20.61 11.27 6.16
1786401287 20.61 11.27 6.16
1786401288 20.61 11.27 6.16
1786401289 20.61 11.27 6.16
1786401290 20.61 11.27 6.16
1786401291 19.12 11.11 6.14
1786401292 19.12 11.11 6.14
1786401293 19.12 11.11 6.14
1786401294 19.12 11.11 6.14
1786401295 19.12 11.11 6.14
1786401296 17.91 11.00 6.13
1786401298 17.91 11.00 6.13
1786401299 17.91 11.00 6.13
1786401300 17.91 11.00 6.13
1786401301 17.91 11.00 6.13
1786401302 16.63 10.85 6.11
1786401303 16.63 10.85 6.11
1786401304 16.63 10.85 6.11
1786401305 16.63 10.85 6.11
1786401306 16.63 10.85 6.11
1786401307 15.54 10.72 6.09
1786401308 15.54 10.72 6.09
1786401309 15.54 10.72 6.09
1786401310 15.54 10.72 6.09
1786401311 15.54 10.72 6.09
1786401312 14.38 10.55 6.06
1786401313 14.38 10.55 6.06
1786401314 14.38 10.55 6.06
1786401315 14.38 10.55 6.06
1786401316 14.38 10.55 6.06
1786401317 13.79 10.49 6.07
1786401318 13.79 10.49 6.07
1786401319 13.79 10.49 6.07
1786401320 13.79 10.49 6.07
1786401321 13.79 10.49 6.07
1786401322 12.76 10.34 6.04
1786401323 12.76 10.34 6.04
1786401324 12.76 10.34 6.04
1786401325 12.76 10.34 6.04
1786401326 12.76 10.34 6.04
1786401327 11.98 10.21 6.02
1786401328 11.98 10.21 6.02
1786401329 11.98 10.21 6.02
1786401330 11.98 10.21 6.02
1786401331 11.98 10.21 6.02
1786401332 11.10 10.06 6.00
1786401333 11.10 10.06 6.00
1786401334 11.10 10.06 6.00
1786401335 11.10 10.06 6.00
1786401336 10.37 9.93 5.97
1786401337 10.37 9.93 5.97
1786401338 10.37 9.93 5.97
1786401339 10.37 9.93 5.97
1786401340 10.37 9.93 5.97
1786401341 9.70 9.80 5.95
1786401342 9.70 9.80 5.95
1786401343 9.70 9.80 5.95
1786401344 9.70 9.80 5.95
1786401345 9.70 9.80 5.95
1786401346 9.56 9.77 5.96
1786401347 9.56 9.77 5.96
1786401348 9.56 9.77 5.96
1786401349 9.56 9.77 5.96
1786401350 9.56 9.77 5.96
1786401351 9.20 9.69 5.96
1786401352 9.20 9.69 5.96
1786401353 9.20 9.69 5.96
1786401354 9.20 9.69 5.96
1786401355 9.20 9.69 5.96
1786401356 8.54 9.54 5.93
1786401357 8.54 9.54 5.93
1786401358 8.54 9.54 5.93
1786401359 8.54 9.54 5.93
1786401360 8.54 9.54 5.93
1786401361 7.94 9.40 5.91
1786401362 7.94 9.40 5.91
1786401363 7.94 9.40 5.91
1786401364 7.94 9.40 5.91
1786401365 7.94 9.40 5.91
1786401366 7.46 9.28 5.88
1786401367 7.46 9.28 5.88
1786401368 7.46 9.28 5.88
1786401369 7.46 9.28 5.88
1786401370 7.46 9.28 5.88
1786401371 7.03 9.15 5.86
1786401372 7.03 9.15 5.86
1786401373 7.03 9.15 5.86
1786401374 7.03 9.15 5.86
1786401375 7.03 9.15 5.86
1786401376 6.70 9.05 5.85
1786401377 6.70 9.05 5.85
