1786410856 46.13 38.51 54.49
1786410857 46.13 38.51 54.49
1786410858 46.13 38.51 54.49
1786410859 43.08 38.00 54.24
1786410860 43.08 38.00 54.24
1786410861 43.08 38.00 54.24
1786410862 43.08 38.00 54.24
1786410863 43.08 38.00 54.24
1786410864 41.15 37.68 54.05
1786410865 41.15 37.68 54.05
1786410866 41.15 37.68 54.05
1786410867 41.15 37.68 54.05
1786410868 41.15 37.68 54.05
1786410869 38.50 37.19 53.80
1786410870 38.50 37.19 53.80
1786410871 38.50 37.19 53.80
1786410872 38.50 37.19 53.80
1786410873 47.51 39.08 54.33
1786410874 47.51 39.08 54.33
1786410875 47.51 39.08 54.33
1786410876 47.51 39.08 54.33
1786410877 47.51 39.08 54.33
1786410878 46.10 38.93 54.20
1786410879 46.10 38.93 54.20
1786410880 46.10 38.93 54.20
1786410881 46.10 38.93 54.20
1786410882 46.10 38.93 54.20
1786410883 52.26 40.32 54.57
1786410884 52.26 40.32 54.57
1786410885 52.26 40.32 54.57
1786410886 52.26 40.32 54.57
1786410887 52.26 40.32 54.57
1786410889 48.80 39.80 54.32
1786410890 48.80 39.80 54.32
1786410891 48.80 39.80 54.32
1786410892 48.80 39.80 54.32
1786410893 48.80 39.80 54.32
1786410894 45.93 39.36 54.10
1786410895 45.93 39.36 54.10
1786410896 45.93 39.36 54.10
1786410897 45.93 39.36 54.10
1786410898 45.93 39.36 54.10
1786410899 43.61 38.99 53.90
1786410900 43.61 38.99 53.90
1786410901 43.61 38.99 53.90
1786410902 43.61 38.99 53.90
1786410903 43.61 38.99 53.90
1786410904 41.64 38.66 53.71
1786410905 41.64 38.66 53.71
1786410906 41.64 38.66 53.71
1786410907 41.64 38.66 53.71
1786410908 41.64 38.66 53.71
1786410909 40.79 38.53 53.59
1786410910 40.79 38.53 53.59
1786410911 40.79 38.53 53.59
1786410912 40.79 38.53 53.59
1786410913 40.79 38.53 53.59
1786410914 38.24 38.04 53.35
1786410915 38.24 38.04 53.35
1786410916 38.24 38.04 53.35
1786410917 38.24 38.04 53.35
1786410918 38.24 38.04 53.35
1786410919 36.06 37.59 53.12
1786410920 36.06 37.59 53.12
1786410921 36.06 37.59 53.12
1786410922 36.06 37.59 53.12
1786410923 36.06 37.59 53.12
1786410924 37.90 37.94 53.15
1786410925 37.90 37.94 53.15
1786410926 37.90 37.94 53.15
1786410927 37.90 37.94 53.15
1786410928 37.90 37.94 53.15
1786410929 35.58 37.46 52.92
1786410930 35.58 37.46 52.92
1786410931 35.58 37.46 52.92
1786410932 35.58 37.46 52.92
1786410933 35.58 37.46 52.92
1786410934 33.30 36.96 52.67
1786410935 33.30 36.96 52.67
