1786308701 163.56 141.55 103.48
1786308702 150.86 139.28 102.95
1786308704 150.86 139.28 102.95
1786308705 150.86 139.28 102.95
1786308706 150.86 139.28 102.95
1786308707 150.86 139.28 102.95
1786308708 139.10 137.03 102.42
1786308709 139.10 137.03 102.42
1786308710 139.10 137.03 102.42
1786308711 139.10 137.03 102.42
1786308712 139.10 137.03 102.42
1786308713 128.20 134.81 101.88
1786308714 128.20 134.81 101.88
1786308715 128.20 134.81 101.88
1786308716 128.20 134.81 101.88
1786308717 128.20 134.81 101.88
1786308718 148.29 138.86 103.37
1786308719 148.29 138.86 103.37
1786308720 148.29 138.86 103.37
1786308721 148.29 138.86 103.37
1786308722 148.29 138.86 103.37
1786308723 173.41 144.23 105.30
1786308724 173.41 144.23 105.30
1786308725 173.41 144.23 105.30
1786308726 173.41 144.23 105.30
1786308727 173.41 144.23 105.30
1786308728 190.91 148.34 106.84
1786308729 190.91 148.34 106.84
1786308730 190.91 148.34 106.84
1786308731 190.91 148.34 106.84
1786308732 190.91 148.34 106.84
1786308733 211.82 153.38 108.69
1786308734 211.82 153.38 108.69
1786308735 211.82 153.38 108.69
1786308736 211.82 153.38 108.69
1786308737 211.82 153.38 108.69
1786308738 220.40 156.13 109.82
1786308739 220.40 156.13 109.82
1786308740 220.40 156.13 109.82
1786308741 220.40 156.13 109.82
1786308742 228.94 158.97 110.99
1786308743 228.94 158.97 110.99
1786308744 228.94 158.97 110.99
1786308745 228.94 158.97 110.99
1786308746 228.94 158.97 110.99
1786308748 249.28 164.35 112.99
1786308749 249.28 164.35 112.99
1786308750 249.28 164.35 112.99
1786308751 249.28 164.35 112.99
1786308752 249.28 164.35 112.99
1786308753 260.87 168.16 114.50
1786308754 260.87 168.16 114.50
1786308755 260.87 168.16 114.50
1786308756 260.87 168.16 114.50
1786308757 260.87 168.16 114.50
1786308758 281.30 173.94 116.65
1786308759 281.30 173.94 116.65
1786308760 281.30 173.94 116.65
1786308761 281.30 173.94 116.65
1786308762 281.30 173.94 116.65
1786308763 282.96 176.06 117.65
1786308764 282.96 176.06 117.65
1786308765 282.96 176.06 117.65
1786308766 282.96 176.06 117.65
1786308767 282.96 176.06 117.65
1786308768 301.54 181.69 119.78
1786308769 301.54 181.69 119.78
1786308770 301.54 181.69 119.78
1786308771 301.54 181.69 119.78
1786308772 307.43 184.90 121.15
1786308773 307.43 184.90 121.15
1786308774 307.43 184.90 121.15
1786308775 307.43 184.90 121.15
1786308776 307.43 184.90 121.15
1786308778 324.05 190.38 123.27
1786308779 324.05 190.38 123.27
1786308780 324.05 190.38 123.27
1786308781 324.05 190.38 123.27
1786308782 324.05 190.38 123.27
1786308783 312.03 190.11 123.54
1786308784 312.03 190.11 123.54
1786308785 312.03 190.11 123.54
1786308786 312.03 190.11 123.54
1786308787 312.03 190.11 123.54
1786308788 289.37 187.43 123.03
1786308789 289.37 187.43 123.03
1786308790 289.37 187.43 123.03
1786308791 289.37 187.43 123.03
1786308792 289.37 187.43 123.03
1786308793 266.27 184.34 122.38
1786308794 266.27 184.34 122.38
1786308795 266.27 184.34 122.38
1786308796 266.27 184.34 122.38
1786308797 266.27 184.34 122.38
1786308798 244.95 181.28 121.72
1786308799 244.95 181.28 121.72
1786308800 244.95 181.28 121.72
1786308801 244.95 181.28 121.72
1786308802 244.95 181.28 121.72
1786308803 225.50 178.30 121.08
1786308804 225.50 178.30 121.08
1786308805 225.50 178.30 121.08
1786308806 225.50 178.30 121.08
1786308808 208.16 175.49 120.48
1786308809 208.16 175.49 120.48
1786308810 208.16 175.49 120.48
1786308811 208.16 175.49 120.48
1786308812 208.16 175.49 120.48
1786308813 207.51 175.90 120.90
1786308814 207.51 175.90 120.90
1786308815 207.51 175.90 120.90
1786308816 207.51 175.90 120.90
1786308817 207.51 175.90 120.90
1786308818 226.52 180.36 122.64
1786308819 226.52 180.36 122.64
1786308820 226.52 180.36 122.64
1786308821 226.52 180.36 122.64
1786308822 226.52 180.36 122.64
1786308823 244.26 184.81 124.39
1786308824 244.26 184.81 124.39
1786308825 244.26 184.81 124.39
1786308826 244.26 184.81 124.39
1786308827 244.26 184.81 124.39
1786308828 254.41 187.90 125.72
1786308829 254.41 187.90 125.72
1786308830 254.41 187.90 125.72
1786308831 254.41 187.90 125.72
1786308832 254.41 187.90 125.72
1786308833 259.98 190.16 126.78
1786308834 259.98 190.16 126.78
1786308835 259.98 190.16 126.78
1786308836 259.98 190.16 126.78
1786308837 272.00 193.81 128.30
1786308838 272.00 193.81 128.30
1786308839 272.00 193.81 128.30
1786308840 272.00 193.81 128.30
1786308841 272.00 193.81 128.30
1786308843 291.37 199.12 130.37
1786308844 291.37 199.12 130.37
1786308845 291.37 199.12 130.37
1786308846 291.37 199.12 130.37
1786308847 291.37 199.12 130.37
1786308848 287.18 199.79 130.96
1786308849 287.18 199.79 130.96
1786308850 287.18 199.79 130.96
1786308851 287.18 199.79 130.96
1786308852 287.18 199.79 130.96
1786308853 264.66 196.57 130.29
1786308854 264.66 196.57 130.29
1786308855 264.66 196.57 130.29
1786308856 264.66 196.57 130.29
1786308857 264.66 196.57 130.29
1786308858 274.46 199.73 131.67
1786308859 274.46 199.73 131.67
1786308860 274.46 199.73 131.67
1786308861 274.46 199.73 131.67
1786308862 274.46 199.73 131.67
1786308863 291.48 204.50 133.57
1786308864 291.48 204.50 133.57
1786308865 291.48 204.50 133.57
1786308866 291.48 204.50 133.57
1786308867 291.48 204.50 133.57
1786308868 295.21 206.72 134.67
1786308869 295.21 206.72 134.67
1786308870 295.21 206.72 134.67
1786308871 295.21 206.72 134.67
1786308872 295.21 206.72 134.67
1786308873 301.84 209.56 135.98
1786308874 301.84 209.56 135.98
1786308875 301.84 209.56 135.98
1786308876 301.84 209.56 135.98
1786308878 303.21 211.38 136.96
1786308879 303.21 211.38 136.96
1786308880 303.21 211.38 136.96
1786308881 303.21 211.38 136.96
1786308882 303.21 211.38 136.96
1786308883 310.16 214.34 138.32
1786308884 310.16 214.34 138.32
1786308885 310.16 214.34 138.32
1786308886 310.16 214.34 138.32
1786308887 310.16 214.34 138.32
1786308888 303.74 214.60 138.82
1786308889 303.74 214.60 138.82
1786308890 303.74 214.60 138.82
1786308891 303.74 214.60 138.82
1786308892 303.74 214.60 138.82
1786308893 321.38 219.74 140.88
1786308894 321.38 219.74 140.88
1786308895 321.38 219.74 140.88
1786308896 321.38 219.74 140.88
1786308897 321.38 219.74 140.88
1786308898 306.45 218.33 140.85
1786308899 306.45 218.33 140.85
1786308900 306.45 218.33 140.85
1786308901 306.45 218.33 140.85
1786308902 306.45 218.33 140.85
1786308903 312.10 220.97 142.12
1786308904 312.10 220.97 142.12
1786308905 312.10 220.97 142.12
1786308906 312.10 220.97 142.12
1786308907 312.10 220.97 142.12
1786308908 294.24 218.78 141.84
1786308909 294.24 218.78 141.84
1786308911 294.24 218.78 141.84
1786308912 294.24 218.78 141.84
1786308913 271.40 215.29 141.12
1786308914 271.40 215.29 141.12
1786308915 271.40 215.29 141.12
1786308916 271.40 215.29 141.12
1786308917 271.40 215.29 141.12
1786308918 249.82 211.75 140.37
1786308919 249.82 211.75 140.37
1786308920 249.82 211.75 140.37
1786308921 249.82 211.75 140.37
1786308922 249.82 211.75 140.37
1786308923 229.90 208.25 139.63
1786308924 229.90 208.25 139.63
1786308925 229.90 208.25 139.63
1786308926 229.90 208.25 139.63
1786308927 229.90 208.25 139.63
1786308928 211.57 204.81 138.88
1786308929 211.57 204.81 138.88
1786308930 211.57 204.81 138.88
1786308931 211.57 204.81 138.88
1786308932 211.57 204.81 138.88
1786308933 194.70 201.43 138.14
1786308934 194.70 201.43 138.14
1786308935 194.70 201.43 138.14
1786308936 194.70 201.43 138.14
1786308937 194.70 201.43 138.14
1786308938 200.57 202.53 138.84
1786308939 200.57 202.53 138.84
1786308940 200.57 202.53 138.84
1786308941 200.57 202.53 138.84
1786308943 209.58 204.37 139.77
1786308944 209.58 204.37 139.77
1786308945 209.58 204.37 139.77
1786308946 209.58 204.37 139.77
1786308947 209.58 204.37 139.77
1786308948 221.06 206.84 140.92
1786308949 221.06 206.84 140.92
1786308950 221.06 206.84 140.92
1786308951 221.06 206.84 140.92
1786308952 221.06 206.84 140.92
1786308953 234.75 209.91 142.27
1786308954 234.75 209.91 142.27
1786308955 234.75 209.91 142.27
1786308956 234.75 209.91 142.27
1786308957 234.75 209.91 142.27
1786308958 252.23 213.95 143.94
1786308959 252.23 213.95 143.94
1786308960 252.23 213.95 143.94
1786308961 252.23 213.95 143.94
1786308962 252.23 213.95 143.94
1786308963 261.98 216.60 145.17
1786308964 261.98 216.60 145.17
1786308965 261.98 216.60 145.17
1786308966 261.98 216.60 145.17
1786308967 261.98 216.60 145.17
1786308968 264.94 217.97 146.00
1786308969 264.94 217.97 146.00
1786308970 264.94 217.97 146.00
1786308971 264.94 217.97 146.00
1786308972 264.94 217.97 146.00
1786308973 244.29 214.47 145.25
1786308974 244.29 214.47 145.25
1786308975 244.29 214.47 145.25
1786308976 244.29 214.47 145.25
1786308978 256.28 217.45 146.59
1786308979 256.28 217.45 146.59
1786308980 256.28 217.45 146.59
1786308981 256.28 217.45 146.59
1786308982 256.28 217.45 146.59
1786308983 274.75 221.92 148.42
1786308984 274.75 221.92 148.42
1786308985 274.75 221.92 148.42
1786308986 274.75 221.92 148.42
1786308987 274.75 221.92 148.42
1786308988 280.94 224.08 149.51
1786308989 280.94 224.08 149.51
1786308990 280.94 224.08 149.51
1786308991 280.94 224.08 149.51
1786308992 280.94 224.08 149.51
1786308993 288.39 226.57 150.72
1786308994 288.39 226.57 150.72
1786308995 288.39 226.57 150.72
1786308996 288.39 226.57 150.72
1786308997 288.39 226.57 150.72
1786308998 295.25 229.02 151.92
1786308999 295.25 229.02 151.92
1786309000 295.25 229.02 151.92
1786309001 295.25 229.02 151.92
1786309002 295.25 229.02 151.92
1786309003 304.12 231.96 153.28
1786309004 304.12 231.96 153.28
1786309005 304.12 231.96 153.28
1786309006 304.12 231.96 153.28
1786309007 304.12 231.96 153.28
1786309008 315.40 235.50 154.85
1786309009 315.40 235.50 154.85
1786309010 315.40 235.50 154.85
1786309011 315.40 235.50 154.85
1786309012 315.40 235.50 154.85
1786309014 321.77 238.15 156.14
1786309015 321.77 238.15 156.14
1786309016 321.77 238.15 156.14
1786309017 321.77 238.15 156.14
1786309018 323.39 239.87 157.14
1786309019 323.39 239.87 157.14
1786309020 323.39 239.87 157.14
1786309021 323.39 239.87 157.14
1786309022 323.39 239.87 157.14
1786309023 328.57 242.33 158.38
1786309024 328.57 242.33 158.38
1786309025 328.57 242.33 158.38
1786309026 328.57 242.33 158.38
1786309027 328.57 242.33 158.38
1786309028 335.97 245.30 159.79
1786309029 335.97 245.30 159.79
1786309030 335.97 245.30 159.79
1786309031 335.97 245.30 159.79
1786309032 335.97 245.30 159.79
1786309033 317.15 242.90 159.47
1786309034 317.15 242.90 159.47
1786309035 317.15 242.90 159.47
1786309036 317.15 242.90 159.47
1786309037 317.15 242.90 159.47
1786309038 292.56 239.03 158.67
1786309039 292.56 239.03 158.67
1786309040 292.56 239.03 158.67
1786309041 292.56 239.03 158.67
1786309042 292.56 239.03 158.67
1786309043 269.29 235.10 157.83
1786309044 269.29 235.10 157.83
1786309045 269.29 235.10 157.83
1786309046 269.29 235.10 157.83
1786309047 269.29 235.10 157.83
1786309048 247.96 231.24 157.00
1786309049 247.96 231.24 157.00
1786309050 247.96 231.24 157.00
1786309051 247.96 231.24 157.00
1786309053 247.96 231.24 157.00
1786309054 228.27 227.44 156.16
1786309055 228.27 227.44 156.16
1786309056 228.27 227.44 156.16
1786309057 228.27 227.44 156.16
1786309058 210.07 223.68 155.33
1786309059 210.07 223.68 155.33
1786309060 210.07 223.68 155.33
1786309061 210.07 223.68 155.33
1786309062 210.07 223.68 155.33
1786309063 220.71 225.66 156.34
1786309064 220.71 225.66 156.34
1786309065 220.71 225.66 156.34
1786309066 220.71 225.66 156.34
1786309067 220.71 225.66 156.34
1786309068 244.20 230.45 158.26
1786309069 244.20 230.45 158.26
1786309070 244.20 230.45 158.26
1786309071 244.20 230.45 158.26
1786309072 244.20 230.45 158.26
1786309073 247.87 231.44 158.97
1786309074 247.87 231.44 158.97
1786309075 247.87 231.44 158.97
1786309076 247.87 231.44 158.97
1786309077 247.87 231.44 158.97
1786309078 256.85 233.57 160.05
1786309079 256.85 233.57 160.05
1786309080 256.85 233.57 160.05
1786309081 256.85 233.57 160.05
1786309082 256.85 233.57 160.05
1786309083 269.83 236.65 161.44
1786309085 269.83 236.65 161.44
1786309086 269.83 236.65 161.44
1786309087 269.83 236.65 161.44
1786309088 281.94 239.71 162.83
1786309089 281.94 239.71 162.83
1786309090 281.94 239.71 162.83
1786309091 281.94 239.71 162.83
1786309092 281.94 239.71 162.83
1786309093 290.27 242.14 164.03
1786309094 290.27 242.14 164.03
1786309095 290.27 242.14 164.03
1786309096 290.27 242.14 164.03
1786309097 290.27 242.14 164.03
1786309098 299.94 244.94 165.36
1786309099 299.94 244.94 165.36
1786309100 299.94 244.94 165.36
1786309101 299.94 244.94 165.36
1786309102 299.94 244.94 165.36
1786309103 307.31 247.38 166.58
1786309104 307.31 247.38 166.58
1786309105 307.31 247.38 166.58
1786309106 307.31 247.38 166.58
1786309107 307.31 247.38 166.58
1786309108 314.01 249.77 167.78
1786309109 314.01 249.77 167.78
1786309110 314.01 249.77 167.78
1786309111 314.01 249.77 167.78
1786309112 314.01 249.77 167.78
1786309113 319.70 252.01 168.95
1786309114 319.70 252.01 168.95
1786309115 319.70 252.01 168.95
1786309116 319.70 252.01 168.95
1786309118 319.70 252.01 168.95
1786309119 326.37 254.52 170.21
1786309120 326.37 254.52 170.21
1786309121 326.37 254.52 170.21
1786309122 326.37 254.52 170.21
1786309123 324.26 255.27 170.90
1786309124 324.26 255.27 170.90
1786309125 324.26 255.27 170.90
1786309126 324.26 255.27 170.90
1786309127 324.26 255.27 170.90
1786309128 330.40 257.69 172.14
1786309129 330.40 257.69 172.14
1786309130 330.40 257.69 172.14
1786309131 330.40 257.69 172.14
1786309132 330.40 257.69 172.14
1786309133 335.10 259.87 173.30
1786309134 335.10 259.87 173.30
1786309135 335.10 259.87 173.30
1786309136 335.10 259.87 173.30
1786309137 335.10 259.87 173.30
1786309138 349.82 264.18 175.16
1786309139 349.82 264.18 175.16
1786309140 349.82 264.18 175.16
1786309141 349.82 264.18 175.16
1786309142 349.82 264.18 175.16
1786309143 358.49 267.39 176.68
1786309144 358.49 267.39 176.68
1786309145 358.49 267.39 176.68
1786309146 358.49 267.39 176.68
1786309147 358.49 267.39 176.68
1786309148 370.86 271.47 178.49
1786309149 370.86 271.47 178.49
1786309150 370.86 271.47 178.49
1786309151 370.86 271.47 178.49
1786309152 370.86 271.47 178.49
1786309154 376.56 274.30 179.90
1786309155 376.56 274.30 179.90
1786309156 376.56 274.30 179.90
1786309157 376.56 274.30 179.90
1786309158 376.56 274.30 179.90
1786309159 351.61 270.83 179.29
1786309160 351.61 270.83 179.29
1786309161 351.61 270.83 179.29
1786309162 351.61 270.83 179.29
1786309163 326.49 266.96 178.53
1786309164 326.49 266.96 178.53
1786309165 326.49 266.96 178.53
1786309166 326.49 266.96 178.53
1786309167 326.49 266.96 178.53
1786309168 300.35 262.53 177.57
1786309169 300.35 262.53 177.57
1786309170 300.35 262.53 177.57
1786309171 300.35 262.53 177.57
1786309172 300.35 262.53 177.57
1786309173 276.46 258.20 176.62
1786309174 276.46 258.20 176.62
1786309175 276.46 258.20 176.62
1786309176 276.46 258.20 176.62
1786309177 276.46 258.20 176.62
1786309178 254.40 253.93 175.68
1786309179 254.40 253.93 175.68
1786309180 254.40 253.93 175.68
1786309181 254.40 253.93 175.68
1786309182 254.40 253.93 175.68
1786309183 234.19 249.75 174.75
1786309184 234.19 249.75 174.75
1786309186 234.19 249.75 174.75
1786309187 234.19 249.75 174.75
1786309188 234.19 249.75 174.75
1786309189 245.86 251.91 175.85
1786309190 245.86 251.91 175.85
1786309191 245.86 251.91 175.85
1786309192 245.86 251.91 175.85
1786309193 260.85 254.92 177.23
1786309194 260.85 254.92 177.23
1786309195 260.85 254.92 177.23
1786309196 260.85 254.92 177.23
1786309197 260.85 254.92 177.23
1786309198 271.11 257.15 178.37
1786309199 271.11 257.15 178.37
1786309200 271.11 257.15 178.37
1786309201 271.11 257.15 178.37
1786309202 271.11 257.15 178.37
1786309203 291.12 261.53 180.21
1786309204 291.12 261.53 180.21
1786309205 291.12 261.53 180.21
1786309206 291.12 261.53 180.21
1786309207 291.12 261.53 180.21
1786309208 298.16 263.48 181.28
1786309209 298.16 263.48 181.28
1786309210 298.16 263.48 181.28
1786309211 298.16 263.48 181.28
1786309212 298.16 263.48 181.28
1786309213 315.76 267.70 183.09
1786309214 315.76 267.70 183.09
1786309215 315.76 267.70 183.09
1786309216 315.76 267.70 183.09
1786309217 315.76 267.70 183.09
1786309218 325.23 270.47 184.43
1786309220 325.23 270.47 184.43
1786309221 325.23 270.47 184.43
1786309222 325.23 270.47 184.43
1786309223 325.23 270.47 184.43
1786309224 341.39 274.72 186.27
1786309225 341.39 274.72 186.27
1786309226 341.39 274.72 186.27
1786309227 341.39 274.72 186.27
1786309228 352.17 278.07 187.83
1786309229 352.17 278.07 187.83
1786309230 352.17 278.07 187.83
1786309231 352.17 278.07 187.83
1786309232 352.17 278.07 187.83
1786309233 354.08 279.69 188.84
1786309234 354.08 279.69 188.84
1786309235 354.08 279.69 188.84
1786309236 354.08 279.69 188.84
1786309237 354.08 279.69 188.84
1786309238 349.83 280.05 189.44
1786309239 349.83 280.05 189.44
1786309240 349.83 280.05 189.44
1786309241 349.83 280.05 189.44
1786309242 349.83 280.05 189.44
1786309243 341.51 279.48 189.75
1786309244 341.51 279.48 189.75
1786309245 341.51 279.48 189.75
1786309246 341.51 279.48 189.75
1786309247 341.51 279.48 189.75
1786309248 325.30 277.15 189.48
1786309249 325.30 277.15 189.48
1786309250 325.30 277.15 189.48
1786309251 325.30 277.15 189.48
1786309252 325.30 277.15 189.48
1786309253 309.10 274.59 189.12
1786309254 309.10 274.59 189.12
1786309256 309.10 274.59 189.12
1786309257 309.10 274.59 189.12
1786309258 309.10 274.59 189.12
1786309259 312.53 275.87 189.99
1786309260 312.53 275.87 189.99
1786309261 312.53 275.87 189.99
1786309262 312.53 275.87 189.99
1786309263 317.45 277.50 190.98
1786309264 317.45 277.50 190.98
1786309265 317.45 277.50 190.98
1786309266 317.45 277.50 190.98
1786309267 317.45 277.50 190.98
1786309268 333.35 281.46 192.73
1786309269 333.35 281.46 192.73
1786309270 333.35 281.46 192.73
1786309271 333.35 281.46 192.73
1786309272 333.35 281.46 192.73
1786309273 334.13 282.48 193.54
1786309274 334.13 282.48 193.54
1786309275 334.13 282.48 193.54
1786309276 334.13 282.48 193.54
1786309277 334.13 282.48 193.54
1786309278 335.08 283.54 194.35
1786309279 335.08 283.54 194.35
1786309280 335.08 283.54 194.35
1786309281 335.08 283.54 194.35
1786309282 335.08 283.54 194.35
1786309283 326.26 282.57 194.52
1786309284 326.26 282.57 194.52
1786309285 326.26 282.57 194.52
1786309286 326.26 282.57 194.52
1786309287 326.26 282.57 194.52
1786309289 300.14 277.88 193.47
1786309290 300.14 277.88 193.47
1786309291 300.14 277.88 193.47
1786309292 300.14 277.88 193.47
1786309293 300.14 277.88 193.47
1786309294 276.10 273.26 192.43
1786309295 276.10 273.26 192.43
1786309296 276.10 273.26 192.43
1786309297 276.10 273.26 192.43
1786309298 254.15 268.76 191.41
1786309299 254.15 268.76 191.41
1786309300 254.15 268.76 191.41
1786309301 254.15 268.76 191.41
1786309302 254.15 268.76 191.41
1786309303 233.80 264.30 190.38
1786309304 233.80 264.30 190.38
1786309305 233.80 264.30 190.38
1786309306 233.80 264.30 190.38
1786309307 233.80 264.30 190.38
1786309308 215.32 259.96 189.38
1786309309 215.32 259.96 189.38
1786309310 215.32 259.96 189.38
1786309311 215.32 259.96 189.38
1786309312 215.32 259.96 189.38
1786309313 227.78 261.80 190.35
1786309314 227.78 261.80 190.35
1786309315 227.78 261.80 190.35
1786309316 227.78 261.80 190.35
1786309317 227.78 261.80 190.35
1786309318 246.06 265.03 191.78
1786309319 246.06 265.03 191.78
1786309320 246.06 265.03 191.78
1786309322 246.06 265.03 191.78
1786309323 246.06 265.03 191.78
1786309324 249.82 265.49 192.32
1786309325 249.82 265.49 192.32
1786309326 249.82 265.49 192.32
1786309327 249.82 265.49 192.32
1786309328 249.82 265.49 192.32
1786309329 258.96 267.13 193.25
1786309330 258.96 267.13 193.25
1786309331 258.96 267.13 193.25
1786309332 258.96 267.13 193.25
1786309333 279.47 271.24 194.97
1786309334 279.47 271.24 194.97
1786309335 279.47 271.24 194.97
1786309336 279.47 271.24 194.97
1786309337 279.47 271.24 194.97
1786309338 288.08 273.16 196.01
1786309339 288.08 273.16 196.01
1786309340 288.08 273.16 196.01
1786309341 288.08 273.16 196.01
1786309342 288.08 273.16 196.01
1786309343 293.28 274.49 196.85
1786309344 293.28 274.49 196.85
1786309345 293.28 274.49 196.85
1786309346 293.28 274.49 196.85
1786309347 293.28 274.49 196.85
1786309348 299.98 276.19 197.82
1786309349 299.98 276.19 197.82
1786309350 299.98 276.19 197.82
1786309351 299.98 276.19 197.82
1786309352 299.98 276.19 197.82
1786309353 309.43 278.55 199.00
1786309354 309.43 278.55 199.00
1786309356 309.43 278.55 199.00
1786309357 309.43 278.55 199.00
1786309358 309.43 278.55 199.00
1786309359 310.84 279.35 199.69
1786309360 310.84 279.35 199.69
1786309361 310.84 279.35 199.69
1786309362 310.84 279.35 199.69
1786309363 310.84 279.35 199.69
1786309364 317.58 281.27 200.74
1786309365 317.58 281.27 200.74
1786309366 317.58 281.27 200.74
1786309367 317.58 281.27 200.74
1786309368 317.58 281.27 200.74
1786309369 314.73 281.28 201.17
1786309370 314.73 281.28 201.17
1786309371 314.73 281.28 201.17
1786309372 314.73 281.28 201.17
1786309373 321.24 283.19 202.22
1786309374 321.24 283.19 202.22
1786309375 321.24 283.19 202.22
1786309376 321.24 283.19 202.22
1786309377 321.24 283.19 202.22
1786309378 332.83 286.22 203.64
1786309379 332.83 286.22 203.64
1786309380 332.83 286.22 203.64
1786309381 332.83 286.22 203.64
1786309382 332.83 286.22 203.64
1786309383 338.37 288.15 204.70
1786309384 338.37 288.15 204.70
1786309385 338.37 288.15 204.70
1786309386 338.37 288.15 204.70
1786309387 338.37 288.15 204.70
1786309388 343.95 290.14 205.80
1786309390 343.95 290.14 205.80
1786309391 343.95 290.14 205.80
1786309392 343.95 290.14 205.80
1786309393 343.95 290.14 205.80
1786309394 347.47 291.76 206.77
1786309395 347.47 291.76 206.77
1786309396 347.47 291.76 206.77
1786309397 347.47 291.76 206.77
1786309398 347.47 291.76 206.77
1786309399 348.08 292.81 207.57
1786309400 348.08 292.81 207.57
1786309401 348.08 292.81 207.57
1786309402 348.08 292.81 207.57
1786309403 351.27 294.39 208.54
1786309404 351.27 294.39 208.54
1786309405 351.27 294.39 208.54
1786309406 351.27 294.39 208.54
1786309407 351.27 294.39 208.54
1786309408 335.08 291.98 208.22
1786309409 335.08 291.98 208.22
1786309410 335.08 291.98 208.22
1786309411 335.08 291.98 208.22
1786309412 335.08 291.98 208.22
1786309413 308.48 287.18 207.12
1786309414 308.48 287.18 207.12
1786309415 308.48 287.18 207.12
1786309416 308.48 287.18 207.12
1786309417 308.48 287.18 207.12
1786309418 283.86 282.43 206.01
1786309419 283.86 282.43 206.01
1786309420 283.86 282.43 206.01
1786309422 283.86 282.43 206.01
1786309423 283.86 282.43 206.01
1786309424 261.13 277.74 204.90
1786309425 261.13 277.74 204.90
1786309426 261.13 277.74 204.90
1786309427 261.13 277.74 204.90
1786309428 261.13 277.74 204.90
1786309429 240.22 273.13 203.80
1786309430 240.22 273.13 203.80
1786309431 240.22 273.13 203.80
1786309432 240.22 273.13 203.80
1786309433 240.22 273.13 203.80
1786309434 222.74 268.96 202.83
1786309435 222.74 268.96 202.83
1786309436 222.74 268.96 202.83
1786309437 222.74 268.96 202.83
1786309438 242.30 272.25 204.25
1786309439 242.30 272.25 204.25
1786309440 242.30 272.25 204.25
1786309441 242.30 272.25 204.25
1786309442 242.30 272.25 204.25
1786309443 248.29 272.99 204.85
1786309444 248.29 272.99 204.85
1786309445 248.29 272.99 204.85
1786309446 248.29 272.99 204.85
1786309447 248.29 272.99 204.85
1786309448 249.46 272.82 205.16
1786309449 249.46 272.82 205.16
1786309450 249.46 272.82 205.16
1786309451 249.46 272.82 205.16
1786309452 249.46 272.82 205.16
1786309453 261.76 274.99 206.23
1786309455 261.76 274.99 206.23
1786309456 261.76 274.99 206.23
1786309457 261.76 274.99 206.23
1786309458 261.76 274.99 206.23
1786309459 269.07 276.28 207.02
1786309460 269.07 276.28 207.02
1786309461 269.07 276.28 207.02
1786309462 269.07 276.28 207.02
1786309463 269.07 276.28 207.02
1786309464 272.58 276.89 207.58
1786309465 272.58 276.89 207.58
1786309466 272.58 276.89 207.58
1786309467 272.58 276.89 207.58
1786309468 282.15 278.80 208.58
1786309469 282.15 278.80 208.58
1786309470 282.15 278.80 208.58
1786309471 282.15 278.80 208.58
1786309472 282.15 278.80 208.58
1786309473 282.62 278.95 209.00
1786309474 282.62 278.95 209.00
1786309475 282.62 278.95 209.00
1786309476 282.62 278.95 209.00
1786309477 282.62 278.95 209.00
1786309478 289.13 280.37 209.83
1786309479 289.13 280.37 209.83
1786309480 289.13 280.37 209.83
1786309481 289.13 280.37 209.83
1786309482 289.13 280.37 209.83
1786309483 292.01 281.11 210.45
1786309484 292.01 281.11 210.45
1786309485 292.01 281.11 210.45
1786309486 292.01 281.11 210.45
1786309488 292.01 281.11 210.45
1786309489 310.26 285.07 212.12
1786309490 310.26 285.07 212.12
1786309491 310.26 285.07 212.12
1786309492 310.26 285.07 212.12
1786309493 310.26 285.07 212.12
1786309494 310.24 285.49 212.64
1786309495 310.24 285.49 212.64
1786309496 310.24 285.49 212.64
1786309497 310.24 285.49 212.64
1786309498 310.24 285.49 212.64
1786309499 311.34 286.13 213.24
1786309500 311.34 286.13 213.24
1786309501 311.34 286.13 213.24
1786309502 311.34 286.13 213.24
1786309503 309.63 286.19 213.65
1786309504 309.63 286.19 213.65
1786309505 309.63 286.19 213.65
1786309506 309.63 286.19 213.65
1786309507 309.63 286.19 213.65
1786309508 319.43 288.61 214.83
1786309509 319.43 288.61 214.83
1786309510 319.43 288.61 214.83
1786309511 319.43 288.61 214.83
1786309512 319.43 288.61 214.83
1786309513 330.21 291.36 216.11
1786309514 330.21 291.36 216.11
1786309515 330.21 291.36 216.11
1786309516 330.21 291.36 216.11
1786309517 330.21 291.36 216.11
1786309518 314.34 288.71 215.66
1786309519 314.34 288.71 215.66
1786309520 314.34 288.71 215.66
1786309521 314.34 288.71 215.66
1786309523 314.34 288.71 215.66
1786309524 323.12 290.96 216.78
1786309525 323.12 290.96 216.78
1786309526 323.12 290.96 216.78
1786309527 323.12 290.96 216.78
1786309528 323.12 290.96 216.78
1786309529 331.36 293.20 217.90
1786309530 331.36 293.20 217.90
1786309531 331.36 293.20 217.90
1786309532 331.36 293.20 217.90
1786309533 331.36 293.20 217.90
1786309534 319.56 291.39 217.72
1786309535 319.56 291.39 217.72
1786309536 319.56 291.39 217.72
1786309537 319.56 291.39 217.72
1786309538 319.56 291.39 217.72
1786309539 294.29 286.62 216.57
1786309540 294.29 286.62 216.57
1786309541 294.29 286.62 216.57
1786309542 294.29 286.62 216.57
1786309543 270.80 281.88 215.41
1786309544 270.80 281.88 215.41
1786309545 270.80 281.88 215.41
1786309546 270.80 281.88 215.41
1786309547 270.80 281.88 215.41
1786309548 249.20 277.21 214.26
1786309549 249.20 277.21 214.26
1786309550 249.20 277.21 214.26
1786309551 249.20 277.21 214.26
1786309552 249.20 277.21 214.26
1786309553 229.56 272.68 213.13
1786309554 229.56 272.68 213.13
1786309555 229.56 272.68 213.13
1786309556 229.56 272.68 213.13
1786309558 229.56 272.68 213.13
1786309559 211.42 268.20 212.00
1786309560 211.42 268.20 212.00
1786309561 211.42 268.20 212.00
1786309562 211.42 268.20 212.00
1786309563 211.42 268.20 212.00
1786309564 233.09 271.75 213.45
1786309565 233.09 271.75 213.45
1786309566 233.09 271.75 213.45
1786309567 233.09 271.75 213.45
1786309568 233.09 271.75 213.45
1786309569 242.77 273.11 214.21
1786309570 242.77 273.11 214.21
1786309571 242.77 273.11 214.21
1786309572 242.77 273.11 214.21
1786309573 264.81 277.18 215.84
1786309574 264.81 277.18 215.84
1786309575 264.81 277.18 215.84
1786309576 264.81 277.18 215.84
1786309577 264.81 277.18 215.84
1786309578 274.75 279.04 216.77
1786309579 274.75 279.04 216.77
1786309580 274.75 279.04 216.77
1786309581 274.75 279.04 216.77
1786309582 274.75 279.04 216.77
1786309583 283.66 280.81 217.68
1786309584 283.66 280.81 217.68
1786309585 283.66 280.81 217.68
1786309586 283.66 280.81 217.68
1786309588 283.66 280.81 217.68
1786309589 283.37 280.80 218.01
1786309590 283.37 280.80 218.01
1786309591 283.37 280.80 218.01
1786309592 283.37 280.80 218.01
1786309593 283.37 280.80 218.01
1786309594 293.59 282.96 219.05
1786309595 293.59 282.96 219.05
1786309596 293.59 282.96 219.05
1786309597 293.59 282.96 219.05
1786309598 293.59 282.96 219.05
1786309599 292.42 282.89 219.37
1786309600 292.42 282.89 219.37
1786309601 292.42 282.89 219.37
1786309602 292.42 282.89 219.37
1786309603 292.42 282.89 219.37
1786309604 300.00 284.62 220.27
1786309605 300.00 284.62 220.27
1786309606 300.00 284.62 220.27
1786309607 300.00 284.62 220.27
1786309608 313.45 287.67 221.60
1786309609 313.45 287.67 221.60
1786309610 313.45 287.67 221.60
1786309611 313.45 287.67 221.60
1786309612 313.45 287.67 221.60
1786309613 329.67 291.46 223.19
1786309614 329.67 291.46 223.19
1786309615 329.67 291.46 223.19
1786309616 329.67 291.46 223.19
1786309617 329.67 291.46 223.19
1786309618 336.58 293.53 224.22
1786309620 336.58 293.53 224.22
1786309621 336.58 293.53 224.22
1786309622 336.58 293.53 224.22
1786309623 336.58 293.53 224.22
1786309624 341.10 295.18 225.13
1786309625 341.10 295.18 225.13
1786309626 341.10 295.18 225.13
1786309627 341.10 295.18 225.13
1786309628 341.10 295.18 225.13
1786309629 345.34 296.82 226.04
1786309630 345.34 296.82 226.04
1786309631 345.34 296.82 226.04
1786309632 345.34 296.82 226.04
1786309633 345.34 296.82 226.04
1786309634 338.82 296.27 226.24
1786309635 338.82 296.27 226.24
1786309636 338.82 296.27 226.24
1786309637 338.82 296.27 226.24
1786309638 343.56 297.96 227.16
1786309639 343.56 297.96 227.16
1786309640 343.56 297.96 227.16
1786309641 343.56 297.96 227.16
1786309642 343.56 297.96 227.16
1786309643 346.24 299.28 227.97
1786309644 346.24 299.28 227.97
1786309645 346.24 299.28 227.97
1786309646 346.24 299.28 227.97
1786309647 346.24 299.28 227.97
1786309648 359.67 302.84 229.50
1786309649 359.67 302.84 229.50
1786309650 359.67 302.84 229.50
1786309651 359.67 302.84 229.50
1786309652 359.67 302.84 229.50
1786309653 367.23 305.35 230.71
1786309654 367.23 305.35 230.71
1786309655 367.23 305.35 230.71
1786309657 367.23 305.35 230.71
1786309658 367.23 305.35 230.71
1786309659 361.76 305.25 231.08
1786309660 361.76 305.25 231.08
1786309661 361.76 305.25 231.08
1786309662 361.76 305.25 231.08
1786309663 361.76 305.25 231.08
1786309664 333.11 300.24 229.86
1786309665 333.11 300.24 229.86
1786309666 333.11 300.24 229.86
1786309667 333.11 300.24 229.86
1786309668 333.11 300.24 229.86
1786309669 306.60 295.29 228.63
1786309670 306.60 295.29 228.63
1786309671 306.60 295.29 228.63
1786309672 306.60 295.29 228.63
1786309673 282.45 290.47 227.43
1786309674 282.45 290.47 227.43
1786309675 282.45 290.47 227.43
1786309676 282.45 290.47 227.43
1786309677 282.45 290.47 227.43
1786309678 259.91 285.67 226.22
1786309679 259.91 285.67 226.22
1786309680 259.91 285.67 226.22
1786309681 259.91 285.67 226.22
1786309682 259.91 285.67 226.22
1786309683 239.74 281.06 225.04
1786309685 239.74 281.06 225.04
1786309686 239.74 281.06 225.04
1786309687 239.74 281.06 225.04
1786309688 239.74 281.06 225.04
1786309689 237.76 279.96 224.99
1786309690 237.76 279.96 224.99
1786309691 237.76 279.96 224.99
1786309692 237.76 279.96 224.99
1786309693 237.76 279.96 224.99
1786309694 248.19 281.42 225.76
1786309695 248.19 281.42 225.76
1786309696 248.19 281.42 225.76
1786309697 248.19 281.42 225.76
1786309698 248.19 281.42 225.76
1786309699 257.46 282.79 226.50
1786309700 257.46 282.79 226.50
1786309701 257.46 282.79 226.50
1786309702 257.46 282.79 226.50
1786309703 269.68 284.91 227.49
1786309704 269.68 284.91 227.49
1786309705 269.68 284.91 227.49
1786309706 269.68 284.91 227.49
1786309707 269.68 284.91 227.49
1786309708 277.07 286.19 228.21
1786309709 277.07 286.19 228.21
1786309710 277.07 286.19 228.21
1786309711 277.07 286.19 228.21
1786309712 277.07 286.19 228.21
1786309713 285.79 287.84 229.06
1786309714 285.79 287.84 229.06
1786309715 285.79 287.84 229.06
1786309717 285.79 287.84 229.06
1786309718 285.79 287.84 229.06
1786309719 304.55 291.70 230.62
1786309720 304.55 291.70 230.62
1786309721 304.55 291.70 230.62
1786309722 304.55 291.70 230.62
1786309723 304.55 291.70 230.62
1786309724 321.32 295.39 232.14
1786309725 321.32 295.39 232.14
1786309726 321.32 295.39 232.14
1786309727 321.32 295.39 232.14
1786309728 321.32 295.39 232.14
1786309729 328.90 297.39 233.13
1786309730 328.90 297.39 233.13
1786309731 328.90 297.39 233.13
1786309732 328.90 297.39 233.13
1786309733 328.90 297.39 233.13
1786309734 330.03 298.15 233.72
1786309735 330.03 298.15 233.72
1786309736 330.03 298.15 233.72
1786309737 330.03 298.15 233.72
1786309738 345.24 301.83 235.26
1786309739 345.24 301.83 235.26
1786309740 345.24 301.83 235.26
1786309741 345.24 301.83 235.26
1786309742 345.24 301.83 235.26
1786309743 348.75 303.28 236.08
1786309744 348.75 303.28 236.08
1786309745 348.75 303.28 236.08
1786309746 348.75 303.28 236.08
1786309747 348.75 303.28 236.08
1786309748 361.98 306.78 237.58
1786309749 361.98 306.78 237.58
1786309751 361.98 306.78 237.58
1786309752 361.98 306.78 237.58
1786309753 361.98 306.78 237.58
1786309754 364.79 308.27 238.43
1786309755 364.79 308.27 238.43
1786309756 364.79 308.27 238.43
1786309757 364.79 308.27 238.43
1786309758 364.79 308.27 238.43
1786309759 367.21 309.71 239.28
1786309760 367.21 309.71 239.28
1786309761 367.21 309.71 239.28
1786309762 367.21 309.71 239.28
1786309763 367.21 309.71 239.28
1786309764 369.67 311.18 240.13
1786309765 369.67 311.18 240.13
1786309766 369.67 311.18 240.13
1786309767 369.67 311.18 240.13
1786309768 369.67 311.18 240.13
1786309769 361.21 310.40 240.26
1786309770 361.21 310.40 240.26
1786309771 361.21 310.40 240.26
1786309772 361.21 310.40 240.26
1786309773 374.17 313.93 241.78
1786309774 374.17 313.93 241.78
1786309775 374.17 313.93 241.78
1786309776 374.17 313.93 241.78
1786309777 374.17 313.93 241.78
1786309778 375.99 315.31 242.61
1786309779 375.99 315.31 242.61
1786309780 375.99 315.31 242.61
1786309781 375.99 315.31 242.61
1786309782 375.99 315.31 242.61
1786309783 355.81 312.13 241.97
1786309784 355.81 312.13 241.97
1786309786 355.81 312.13 241.97
1786309787 355.81 312.13 241.97
1786309788 355.81 312.13 241.97
1786309789 327.32 306.95 240.67
1786309790 327.32 306.95 240.67
1786309791 327.32 306.95 240.67
1786309792 327.32 306.95 240.67
1786309793 327.32 306.95 240.67
1786309794 304.95 302.65 239.64
1786309795 304.95 302.65 239.64
1786309796 304.95 302.65 239.64
1786309797 304.95 302.65 239.64
1786309798 304.95 302.65 239.64
1786309799 280.85 297.69 238.37
1786309800 280.85 297.69 238.37
1786309801 280.85 297.69 238.37
1786309802 280.85 297.69 238.37
1786309803 280.85 297.69 238.37
1786309804 258.44 292.76 237.10
1786309805 258.44 292.76 237.10
1786309806 258.44 292.76 237.10
1786309807 258.44 292.76 237.10
1786309808 258.44 292.76 237.10
1786309809 237.91 287.94 235.83
1786309810 237.91 287.94 235.83
1786309811 237.91 287.94 235.83
1786309812 237.91 287.94 235.83
1786309813 259.94 291.67 237.32
1786309814 259.94 291.67 237.32
1786309815 259.94 291.67 237.32
1786309816 259.94 291.67 237.32
1786309817 259.94 291.67 237.32
1786309818 266.43 292.49 237.88
1786309819 266.43 292.49 237.88
1786309821 266.43 292.49 237.88
1786309822 266.43 292.49 237.88
1786309823 266.43 292.49 237.88
1786309824 276.48 294.15 238.71
1786309825 276.48 294.15 238.71
1786309826 276.48 294.15 238.71
1786309827 276.48 294.15 238.71
1786309828 276.48 294.15 238.71
1786309829 291.50 296.97 239.92
1786309830 291.50 296.97 239.92
1786309831 291.50 296.97 239.92
1786309832 291.50 296.97 239.92
1786309833 291.50 296.97 239.92
1786309834 299.31 298.49 240.72
1786309835 299.31 298.49 240.72
1786309836 299.31 298.49 240.72
1786309837 299.31 298.49 240.72
1786309838 299.31 298.49 240.72
1786309839 307.85 300.28 241.61
1786309840 307.85 300.28 241.61
1786309841 307.85 300.28 241.61
1786309842 307.85 300.28 241.61
1786309843 307.85 300.28 241.61
1786309844 314.67 301.82 242.42
1786309845 314.67 301.82 242.42
1786309846 314.67 301.82 242.42
1786309847 314.67 301.82 242.42
1786309848 316.70 302.45 242.94
1786309849 316.70 302.45 242.94
1786309850 316.70 302.45 242.94
1786309851 316.70 302.45 242.94
1786309852 316.70 302.45 242.94
1786309853 318.97 303.16 243.49
1786309855 318.97 303.16 243.49
1786309856 318.97 303.16 243.49
1786309857 318.97 303.16 243.49
1786309858 318.97 303.16 243.49
1786309859 333.22 306.38 244.85
1786309860 333.22 306.38 244.85
1786309861 333.22 306.38 244.85
1786309862 333.22 306.38 244.85
1786309863 333.22 306.38 244.85
1786309864 343.37 308.93 246.01
1786309865 343.37 308.93 246.01
1786309866 343.37 308.93 246.01
1786309867 343.37 308.93 246.01
1786309868 343.37 308.93 246.01
1786309869 354.16 311.74 247.26
1786309870 354.16 311.74 247.26
1786309871 354.16 311.74 247.26
1786309872 354.16 311.74 247.26
1786309873 354.16 311.74 247.26
1786309874 361.11 313.88 248.30
1786309875 361.11 313.88 248.30
1786309876 361.11 313.88 248.30
1786309877 361.11 313.88 248.30
1786309878 367.75 316.04 249.35
1786309879 367.75 316.04 249.35
1786309880 367.75 316.04 249.35
1786309881 367.75 316.04 249.35
1786309882 367.75 316.04 249.35
1786309883 360.08 315.31 249.47
1786309884 360.08 315.31 249.47
1786309885 360.08 315.31 249.47
1786309886 360.08 315.31 249.47
1786309887 360.08 315.31 249.47
1786309888 360.47 316.14 250.09
1786309890 360.47 316.14 250.09
1786309891 360.47 316.14 250.09
1786309892 360.47 316.14 250.09
1786309893 360.47 316.14 250.09
1786309894 360.36 316.85 250.68
1786309895 360.36 316.85 250.68
1786309896 360.36 316.85 250.68
1786309897 360.36 316.85 250.68
1786309898 360.36 316.85 250.68
1786309899 370.50 319.67 251.95
1786309900 370.50 319.67 251.95
1786309901 370.50 319.67 251.95
1786309902 370.50 319.67 251.95
1786309903 370.50 319.67 251.95
1786309904 375.50 321.56 252.92
1786309905 375.50 321.56 252.92
1786309906 375.50 321.56 252.92
1786309907 375.50 321.56 252.92
1786309908 375.50 321.56 252.92
1786309909 355.12 318.23 252.21
1786309910 355.12 318.23 252.21
1786309911 355.12 318.23 252.21
1786309912 355.12 318.23 252.21
1786309913 355.12 318.23 252.21
1786309914 327.25 313.06 250.89
1786309915 327.25 313.06 250.89
1786309916 327.25 313.06 250.89
1786309917 327.25 313.06 250.89
1786309918 301.28 307.91 249.56
1786309919 301.28 307.91 249.56
1786309920 301.28 307.91 249.56
1786309921 301.28 307.91 249.56
1786309922 301.28 307.91 249.56
1786309923 277.15 302.80 248.22
1786309925 277.15 302.80 248.22
1786309926 277.15 302.80 248.22
1786309927 277.15 302.80 248.22
1786309928 277.15 302.80 248.22
1786309929 256.00 297.99 246.96
1786309930 256.00 297.99 246.96
1786309931 256.00 297.99 246.96
1786309932 256.00 297.99 246.96
1786309933 256.00 297.99 246.96
1786309934 235.74 293.09 245.65
1786309935 235.74 293.09 245.65
1786309936 235.74 293.09 245.65
1786309937 235.74 293.09 245.65
1786309938 235.74 293.09 245.65
1786309939 237.84 292.57 245.73
1786309940 237.84 292.57 245.73
1786309941 237.84 292.57 245.73
1786309942 237.84 292.57 245.73
1786309943 237.84 292.57 245.73
1786309944 260.36 296.33 247.20
1786309945 260.36 296.33 247.20
1786309946 260.36 296.33 247.20
1786309947 260.36 296.33 247.20
1786309948 260.36 296.33 247.20
1786309949 263.45 296.38 247.48
1786309950 263.45 296.38 247.48
1786309951 263.45 296.38 247.48
1786309952 263.45 296.38 247.48
1786309953 273.43 297.90 248.23
1786309954 273.43 297.90 248.23
1786309955 273.43 297.90 248.23
1786309957 273.43 297.90 248.23
1786309958 273.43 297.90 248.23
1786309959 282.76 299.43 249.00
1786309960 282.76 299.43 249.00
1786309961 282.76 299.43 249.00
1786309962 282.76 299.43 249.00
1786309963 282.76 299.43 249.00
1786309964 292.31 301.13 249.82
1786309965 292.31 301.13 249.82
1786309966 292.31 301.13 249.82
1786309967 292.31 301.13 249.82
1786309968 292.31 301.13 249.82
1786309969 310.38 304.73 251.26
1786309970 310.38 304.73 251.26
1786309971 310.38 304.73 251.26
1786309972 310.38 304.73 251.26
1786309973 310.38 304.73 251.26
1786309974 317.48 306.30 252.05
1786309975 317.48 306.30 252.05
1786309976 317.48 306.30 252.05
1786309977 317.48 306.30 252.05
1786309978 317.48 306.30 252.05
1786309979 334.02 309.91 253.51
1786309980 334.02 309.91 253.51
1786309981 334.02 309.91 253.51
1786309982 334.02 309.91 253.51
1786309983 339.38 311.42 254.31
1786309984 339.38 311.42 254.31
1786309985 339.38 311.42 254.31
1786309986 339.38 311.42 254.31
1786309988 339.38 311.42 254.31
1786309989 335.35 311.05 254.49
1786309990 335.35 311.05 254.49
1786309991 335.35 311.05 254.49
1786309992 335.35 311.05 254.49
1786309993 335.35 311.05 254.49
1786309994 349.73 314.44 255.89
1786309995 349.73 314.44 255.89
1786309996 349.73 314.44 255.89
1786309997 349.73 314.44 255.89
1786309998 349.73 314.44 255.89
1786309999 350.08 315.10 256.42
1786310000 350.08 315.10 256.42
1786310001 350.08 315.10 256.42
1786310002 350.08 315.10 256.42
1786310003 350.08 315.10 256.42
1786310004 349.51 315.56 256.88
1786310005 349.51 315.56 256.88
1786310006 349.51 315.56 256.88
1786310007 349.51 315.56 256.88
1786310008 349.51 315.56 256.88
1786310009 363.24 318.97 258.30
1786310010 363.24 318.97 258.30
1786310011 363.24 318.97 258.30
1786310012 363.24 318.97 258.30
1786310013 356.58 318.32 258.42
1786310014 356.58 318.32 258.42
1786310015 356.58 318.32 258.42
1786310016 356.58 318.32 258.42
1786310017 356.58 318.32 258.42
1786310018 362.62 320.21 259.35
1786310019 362.62 320.21 259.35
1786310021 362.62 320.21 259.35
1786310022 362.62 320.21 259.35
1786310023 362.62 320.21 259.35
1786310024 365.29 321.47 260.09
1786310025 365.29 321.47 260.09
1786310026 365.29 321.47 260.09
1786310027 365.29 321.47 260.09
1786310028 365.29 321.47 260.09
1786310029 362.94 321.71 260.50
1786310030 362.94 321.71 260.50
1786310031 362.94 321.71 260.50
1786310032 362.94 321.71 260.50
1786310033 362.94 321.71 260.50
1786310034 364.23 322.66 261.13
1786310035 364.23 322.66 261.13
1786310036 364.23 322.66 261.13
1786310037 364.23 322.66 261.13
1786310038 364.23 322.66 261.13
1786310039 337.87 317.89 259.92
1786310040 337.87 317.89 259.92
1786310041 337.87 317.89 259.92
1786310042 337.87 317.89 259.92
1786310043 337.87 317.89 259.92
1786310044 311.05 312.66 258.54
1786310045 311.05 312.66 258.54
1786310046 311.05 312.66 258.54
1786310047 311.05 312.66 258.54
1786310048 291.27 308.53 257.49
1786310049 291.27 308.53 257.49
1786310051 291.27 308.53 257.49
1786310052 291.27 308.53 257.49
1786310053 291.27 308.53 257.49
1786310054 268.02 303.42 256.11
1786310055 268.02 303.42 256.11
1786310056 268.02 303.42 256.11
1786310057 268.02 303.42 256.11
1786310058 268.02 303.42 256.11
1786310059 246.56 298.39 254.74
1786310060 246.56 298.39 254.74
1786310061 246.56 298.39 254.74
1786310062 246.56 298.39 254.74
1786310063 246.56 298.39 254.74
1786310064 255.24 299.33 255.28
1786310065 255.24 299.33 255.28
1786310066 255.24 299.33 255.28
1786310067 255.24 299.33 255.28
1786310068 255.24 299.33 255.28
1786310069 266.04 300.83 256.00
1786310070 266.04 300.83 256.00
1786310071 266.04 300.83 256.00
1786310072 266.04 300.83 256.00
1786310073 266.04 300.83 256.00
1786310074 279.65 303.08 256.97
1786310075 279.65 303.08 256.97
1786310076 279.65 303.08 256.97
1786310077 279.65 303.08 256.97
1786310078 289.20 304.67 257.73
1786310079 289.20 304.67 257.73
1786310080 289.20 304.67 257.73
1786310081 289.20 304.67 257.73
1786310083 289.20 304.67 257.73
1786310084 307.45 308.19 259.12
1786310085 307.45 308.19 259.12
1786310086 307.45 308.19 259.12
1786310087 307.45 308.19 259.12
1786310088 307.45 308.19 259.12
1786310089 315.58 309.87 259.93
1786310090 315.58 309.87 259.93
1786310091 315.58 309.87 259.93
1786310092 315.58 309.87 259.93
1786310093 315.58 309.87 259.93
1786310094 310.57 308.92 259.89
1786310095 310.57 308.92 259.89
1786310096 310.57 308.92 259.89
1786310097 310.57 308.92 259.89
1786310098 310.57 308.92 259.89
1786310099 328.14 312.59 261.34
1786310100 328.14 312.59 261.34
1786310101 328.14 312.59 261.34
1786310102 328.14 312.59 261.34
1786310103 328.14 312.59 261.34
1786310104 332.69 313.80 262.01
1786310105 332.69 313.80 262.01
1786310106 332.69 313.80 262.01
1786310107 332.69 313.80 262.01
1786310108 332.69 313.80 262.01
1786310109 330.07 313.57 262.21
1786310110 330.07 313.57 262.21
1786310111 330.07 313.57 262.21
1786310112 330.07 313.57 262.21
1786310113 330.07 313.57 262.21
1786310114 343.36 316.60 263.47
1786310115 343.36 316.60 263.47
1786310116 343.36 316.60 263.47
1786310118 343.36 316.60 263.47
1786310119 341.09 316.57 263.74
1786310120 341.09 316.57 263.74
1786310121 341.09 316.57 263.74
1786310122 341.09 316.57 263.74
1786310123 341.09 316.57 263.74
1786310124 355.98 320.06 265.16
1786310125 355.98 320.06 265.16
1786310126 355.98 320.06 265.16
1786310127 355.98 320.06 265.16
1786310128 355.98 320.06 265.16
1786310129 356.54 320.77 265.68
1786310130 356.54 320.77 265.68
1786310131 356.54 320.77 265.68
1786310132 356.54 320.77 265.68
1786310133 356.54 320.77 265.68
1786310134 359.30 321.94 266.36
1786310135 359.30 321.94 266.36
1786310136 359.30 321.94 266.36
1786310137 359.30 321.94 266.36
1786310138 359.30 321.94 266.36
1786310139 362.00 323.12 267.04
1786310140 362.00 323.12 267.04
1786310141 362.00 323.12 267.04
1786310142 362.00 323.12 267.04
1786310143 362.00 323.12 267.04
1786310144 370.65 325.56 268.13
1786310145 370.65 325.56 268.13
1786310146 370.65 325.56 268.13
1786310147 370.65 325.56 268.13
1786310148 370.65 325.56 268.13
1786310149 376.84 327.59 269.09
1786310150 376.84 327.59 269.09
1786310151 376.84 327.59 269.09
1786310152 376.84 327.59 269.09
1786310154 374.93 328.01 269.54
1786310155 374.93 328.01 269.54
1786310156 374.93 328.01 269.54
1786310157 374.93 328.01 269.54
1786310158 374.93 328.01 269.54
1786310159 353.48 324.34 268.67
1786310160 353.48 324.34 268.67
1786310161 353.48 324.34 268.67
1786310162 353.48 324.34 268.67
1786310163 353.48 324.34 268.67
1786310164 330.46 320.06 267.58
1786310165 330.46 320.06 267.58
1786310166 330.46 320.06 267.58
1786310167 330.46 320.06 267.58
1786310168 330.46 320.06 267.58
1786310169 304.07 314.76 266.15
1786310170 304.07 314.76 266.15
1786310171 304.07 314.76 266.15
1786310172 304.07 314.76 266.15
1786310173 304.07 314.76 266.15
1786310174 280.28 309.65 264.76
1786310175 280.28 309.65 264.76
1786310176 280.28 309.65 264.76
1786310177 280.28 309.65 264.76
1786310178 280.28 309.65 264.76
1786310179 257.84 304.51 263.34
1786310180 257.84 304.51 263.34
1786310181 257.84 304.51 263.34
1786310182 257.84 304.51 263.34
1786310183 257.84 304.51 263.34
1786310184 238.87 299.80 262.03
1786310185 238.87 299.80 262.03
1786310186 238.87 299.80 262.03
1786310187 238.87 299.80 262.03
1786310189 254.50 302.03 262.96
1786310190 254.50 302.03 262.96
1786310191 254.50 302.03 262.96
1786310192 254.50 302.03 262.96
1786310193 254.50 302.03 262.96
1786310194 253.10 300.95 262.82
1786310195 253.10 300.95 262.82
1786310196 253.10 300.95 262.82
1786310197 253.10 300.95 262.82
1786310198 253.10 300.95 262.82
1786310199 265.58 302.74 263.60
1786310200 265.58 302.74 263.60
1786310201 265.58 302.74 263.60
1786310202 265.58 302.74 263.60
1786310203 265.58 302.74 263.60
1786310204 275.87 304.26 264.30
1786310205 275.87 304.26 264.30
1786310206 275.87 304.26 264.30
1786310207 275.87 304.26 264.30
1786310208 275.87 304.26 264.30
1786310209 287.33 306.16 265.14
1786310210 287.33 306.16 265.14
1786310211 287.33 306.16 265.14
1786310212 287.33 306.16 265.14
1786310213 287.33 306.16 265.14
1786310214 296.83 307.82 265.89
1786310215 296.83 307.82 265.89
1786310216 296.83 307.82 265.89
1786310217 296.83 307.82 265.89
1786310218 296.83 307.82 265.89
1786310219 308.30 310.02 266.83
1786310221 308.30 310.02 266.83
1786310222 308.30 310.02 266.83
1786310223 308.30 310.02 266.83
1786310224 315.72 311.53 267.55
1786310225 315.72 311.53 267.55
1786310226 315.72 311.53 267.55
1786310227 315.72 311.53 267.55
1786310228 315.72 311.53 267.55
1786310229 329.68 314.49 268.74
1786310230 329.68 314.49 268.74
1786310231 329.68 314.49 268.74
1786310232 329.68 314.49 268.74
1786310233 329.68 314.49 268.74
1786310234 334.59 315.76 269.40
1786310235 334.59 315.76 269.40
1786310236 334.59 315.76 269.40
1786310237 334.59 315.76 269.40
1786310238 334.59 315.76 269.40
1786310239 338.38 316.86 270.00
1786310240 338.38 316.86 270.00
1786310241 338.38 316.86 270.00
1786310242 338.38 316.86 270.00
1786310243 338.38 316.86 270.00
1786310244 343.08 318.19 270.69
1786310245 343.08 318.19 270.69
1786310246 343.08 318.19 270.69
1786310247 343.08 318.19 270.69
1786310248 343.08 318.19 270.69
1786310250 345.31 319.07 271.23
1786310251 345.31 319.07 271.23
1786310252 345.31 319.07 271.23
1786310253 345.31 319.07 271.23
1786310254 348.81 320.23 271.86
1786310255 348.81 320.23 271.86
1786310256 348.81 320.23 271.86
1786310257 348.81 320.23 271.86
1786310258 348.81 320.23 271.86
1786310259 357.48 322.50 272.85
1786310260 357.48 322.50 272.85
1786310261 357.48 322.50 272.85
1786310262 357.48 322.50 272.85
1786310263 357.48 322.50 272.85
1786310264 356.80 322.94 273.26
1786310265 356.80 322.94 273.26
1786310266 356.80 322.94 273.26
1786310267 356.80 322.94 273.26
1786310268 356.80 322.94 273.26
1786310269 359.86 324.14 273.92
1786310270 359.86 324.14 273.92
1786310271 359.86 324.14 273.92
1786310272 359.86 324.14 273.92
1786310273 359.86 324.14 273.92
1786310274 341.77 320.98 273.16
1786310275 341.77 320.98 273.16
