1786417023 527.86 447.02 304.43
1786417024 509.93 444.65 304.43
1786417025 509.93 444.65 304.43
1786417026 509.93 444.65 304.43
1786417027 509.93 444.65 304.43
1786417028 509.93 444.65 304.43
1786417029 499.37 443.54 304.83
1786417030 499.37 443.54 304.83
1786417031 499.37 443.54 304.83
1786417032 499.37 443.54 304.83
1786417033 499.37 443.54 304.83
1786417034 497.97 444.18 305.78
1786417035 497.97 444.18 305.78
1786417036 497.97 444.18 305.78
1786417037 497.97 444.18 305.78
1786417038 497.97 444.18 305.78
1786417039 511.35 447.85 307.71
1786417040 511.35 447.85 307.71
1786417041 511.35 447.85 307.71
1786417042 511.35 447.85 307.71
1786417043 511.35 447.85 307.71
1786417044 522.45 451.20 309.55
1786417045 522.45 451.20 309.55
1786417046 522.45 451.20 309.55
1786417047 522.45 451.20 309.55
1786417048 522.45 451.20 309.55
1786417049 526.10 453.14 310.94
1786417050 526.10 453.14 310.94
1786417051 526.10 453.14 310.94
1786417052 526.10 453.14 310.94
1786417053 526.10 453.14 310.94
1786417054 541.87 457.62 313.15
1786417055 541.87 457.62 313.15
1786417056 541.87 457.62 313.15
1786417057 541.87 457.62 313.15
1786417058 541.87 457.62 313.15
1786417059 535.71 457.75 313.96
1786417060 535.71 457.75 313.96
1786417061 535.71 457.75 313.96
1786417062 535.71 457.75 313.96
1786417063 535.71 457.75 313.96
1786417064 554.79 463.00 316.44
1786417065 554.79 463.00 316.44
1786417066 554.79 463.00 316.44
1786417067 554.79 463.00 316.44
1786417068 566.66 466.98 318.51
1786417069 566.66 466.98 318.51
1786417070 566.66 466.98 318.51
1786417071 566.66 466.98 318.51
1786417072 566.66 466.98 318.51
1786417073 538.18 462.73 317.93
1786417074 538.18 462.73 317.93
1786417075 538.18 462.73 317.93
1786417076 538.18 462.73 317.93
1786417077 538.18 462.73 317.93
1786417078 536.08 463.55 318.98
1786417079 536.08 463.55 318.98
1786417080 536.08 463.55 318.98
1786417081 536.08 463.55 318.98
1786417082 536.08 463.55 318.98
1786417083 526.71 462.81 319.52
1786417085 526.71 462.81 319.52
1786417086 526.71 462.81 319.52
1786417087 526.71 462.81 319.52
1786417088 526.71 462.81 319.52
1786417089 507.03 459.79 319.31
1786417090 507.03 459.79 319.31
1786417091 507.03 459.79 319.31
1786417092 507.03 459.79 319.31
1786417093 507.03 459.79 319.31
1786417094 510.63 461.32 320.56
1786417095 510.63 461.32 320.56
1786417096 510.63 461.32 320.56
1786417097 510.63 461.32 320.56
1786417098 510.63 461.32 320.56
1786417099 524.76 465.07 322.53
1786417100 524.76 465.07 322.53
1786417101 524.76 465.07 322.53
1786417102 524.76 465.07 322.53
1786417103 524.76 465.07 322.53
1786417104 515.41 464.12 322.99
1786417105 515.41 464.12 322.99
1786417106 515.41 464.12 322.99
1786417107 515.41 464.12 322.99
1786417108 515.41 464.12 322.99
1786417109 511.61 464.19 323.77
1786417110 511.61 464.19 323.77
1786417111 511.61 464.19 323.77
1786417112 511.61 464.19 323.77
1786417113 511.61 464.19 323.77
1786417114 512.76 465.21 324.85
1786417115 512.76 465.21 324.85
1786417116 512.76 465.21 324.85
1786417117 512.76 465.21 324.85
1786417118 512.76 465.21 324.85
1786417119 519.59 467.42 326.32
1786417120 519.59 467.42 326.32
1786417121 519.59 467.42 326.32
1786417122 519.59 467.42 326.32
1786417123 519.59 467.42 326.32
1786417124 543.89 473.32 328.99
1786417125 543.89 473.32 328.99
1786417126 543.89 473.32 328.99
1786417127 543.89 473.32 328.99
1786417128 543.89 473.32 328.99
1786417129 530.20 471.66 329.22
1786417130 530.20 471.66 329.22
1786417131 530.20 471.66 329.22
1786417132 530.20 471.66 329.22
1786417133 530.20 471.66 329.22
1786417134 520.42 470.60 329.65
1786417135 520.42 470.60 329.65
1786417136 520.42 470.60 329.65
1786417137 520.42 470.60 329.65
1786417138 520.42 470.60 329.65
1786417139 521.10 471.57 330.72
1786417140 521.10 471.57 330.72
1786417141 521.10 471.57 330.72
1786417142 521.10 471.57 330.72
1786417143 521.10 471.57 330.72
1786417144 490.02 465.95 329.66
1786417145 490.02 465.95 329.66
1786417146 490.02 465.95 329.66
1786417147 490.02 465.95 329.66
1786417148 490.02 465.95 329.66
1786417149 464.48 461.05 328.80
1786417150 464.48 461.05 328.80
1786417151 464.48 461.05 328.80
1786417152 464.48 461.05 328.80
1786417153 464.48 461.05 328.80
1786417154 442.90 456.63 328.08
1786417155 442.90 456.63 328.08
1786417156 442.90 456.63 328.08
1786417157 442.90 456.63 328.08
1786417158 442.90 456.63 328.08
1786417159 416.88 451.01 326.96
1786417160 416.88 451.01 326.96
1786417161 416.88 451.01 326.96
1786417162 416.88 451.01 326.96
1786417163 416.88 451.01 326.96
1786417164 393.59 445.62 325.88
1786417165 393.59 445.62 325.88
1786417166 393.59 445.62 325.88
1786417167 393.59 445.62 325.88
1786417168 393.59 445.62 325.88
1786417169 372.48 440.38 324.82
1786417170 372.48 440.38 324.82
1786417171 372.48 440.38 324.82
1786417172 372.48 440.38 324.82
1786417173 372.48 440.38 324.82
1786417174 347.94 434.16 323.43
1786417175 347.94 434.16 323.43
1786417176 347.94 434.16 323.43
1786417177 347.94 434.16 323.43
1786417178 347.94 434.16 323.43
1786417179 332.81 429.59 322.55
1786417180 332.81 429.59 322.55
1786417181 332.81 429.59 322.55
1786417182 332.81 429.59 322.55
1786417183 332.81 429.59 322.55
1786417184 319.93 425.31 321.74
1786417185 319.93 425.31 321.74
1786417186 319.93 425.31 321.74
1786417187 319.93 425.31 321.74
1786417188 319.93 425.31 321.74
1786417189 300.56 419.55 320.43
1786417190 300.56 419.55 320.43
1786417191 300.56 419.55 320.43
1786417192 300.56 419.55 320.43
1786417193 300.56 419.55 320.43
1786417194 284.89 414.33 319.27
1786417195 284.89 414.33 319.27
1786417196 284.89 414.33 319.27
1786417197 284.89 414.33 319.27
1786417198 272.25 409.56 318.24
1786417199 272.25 409.56 318.24
1786417200 272.25 409.56 318.24
1786417202 272.25 409.56 318.24
1786417203 272.25 409.56 318.24
1786417204 259.50 404.63 317.14
1786417205 259.50 404.63 317.14
1786417206 259.50 404.63 317.14
1786417207 259.50 404.63 317.14
1786417208 259.50 404.63 317.14
1786417209 247.13 399.66 316.00
1786417210 247.13 399.66 316.00
1786417211 247.13 399.66 316.00
1786417212 247.13 399.66 316.00
1786417213 247.13 399.66 316.00
1786417214 235.50 394.72 314.85
1786417215 235.50 394.72 314.85
1786417216 235.50 394.72 314.85
1786417217 235.50 394.72 314.85
1786417218 235.50 394.72 314.85
1786417219 226.90 390.29 313.85
1786417220 226.90 390.29 313.85
1786417221 226.90 390.29 313.85
1786417222 226.90 390.29 313.85
1786417223 226.90 390.29 313.85
1786417224 218.74 385.88 312.83
1786417225 218.74 385.88 312.83
1786417226 218.74 385.88 312.83
1786417227 218.74 385.88 312.83
1786417228 218.74 385.88 312.83
1786417229 211.07 381.52 311.81
1786417230 211.07 381.52 311.81
1786417231 211.07 381.52 311.81
1786417232 211.07 381.52 311.81
1786417233 211.07 381.52 311.81
1786417234 201.61 376.73 310.64
1786417235 201.61 376.73 310.64
1786417236 201.61 376.73 310.64
1786417237 201.61 376.73 310.64
1786417238 201.61 376.73 310.64
1786417239 189.63 371.34 309.25
1786417240 189.63 371.34 309.25
1786417241 189.63 371.34 309.25
