1786308265 85.96 74.87 68.48
1786308266 85.96 74.87 68.48
1786308267 85.96 74.87 68.48
1786308268 79.40 73.70 68.14
1786308269 79.40 73.70 68.14
1786308270 79.40 73.70 68.14
1786308271 79.40 73.70 68.14
1786308272 79.40 73.70 68.14
1786308273 73.20 72.51 67.78
1786308274 73.20 72.51 67.78
1786308275 73.20 72.51 67.78
1786308276 73.20 72.51 67.78
1786308277 73.20 72.51 67.78
1786308278 67.50 71.34 67.43
1786308279 67.50 71.34 67.43
1786308280 67.50 71.34 67.43
1786308281 67.50 71.34 67.43
1786308282 67.50 71.34 67.43
1786308283 82.75 74.44 68.45
1786308284 82.75 74.44 68.45
1786308285 82.75 74.44 68.45
1786308286 82.75 74.44 68.45
1786308287 82.75 74.44 68.45
1786308288 86.62 75.38 68.79
1786308289 86.62 75.38 68.79
1786308290 86.62 75.38 68.79
1786308291 86.62 75.38 68.79
1786308292 90.33 76.33 69.13
1786308293 90.33 76.33 69.13
1786308294 90.33 76.33 69.13
1786308295 90.33 76.33 69.13
1786308296 90.33 76.33 69.13
1786308297 100.95 78.77 69.96
1786308298 100.95 78.77 69.96
1786308299 100.95 78.77 69.96
1786308300 100.95 78.77 69.96
1786308301 100.95 78.77 69.96
1786308302 113.45 81.73 70.97
1786308303 113.45 81.73 70.97
1786308304 113.45 81.73 70.97
1786308305 113.45 81.73 70.97
1786308306 113.45 81.73 70.97
1786308307 105.25 80.55 70.64
1786308308 105.25 80.55 70.64
1786308309 105.25 80.55 70.64
1786308310 105.25 80.55 70.64
1786308311 105.25 80.55 70.64
1786308312 117.88 83.58 71.68
1786308313 117.88 83.58 71.68
1786308314 117.88 83.58 71.68
1786308315 117.88 83.58 71.68
1786308316 117.88 83.58 71.68
1786308317 118.77 84.34 71.99
1786308318 118.77 84.34 71.99
1786308319 118.77 84.34 71.99
1786308320 118.77 84.34 71.99
1786308321 118.77 84.34 71.99
1786308322 118.47 84.85 72.22
1786308323 118.47 84.85 72.22
1786308324 118.47 84.85 72.22
1786308325 118.47 84.85 72.22
1786308326 118.47 84.85 72.22
1786308327 118.67 85.45 72.48
1786308328 118.67 85.45 72.48
1786308329 118.67 85.45 72.48
1786308330 118.67 85.45 72.48
1786308331 118.67 85.45 72.48
1786308332 129.83 88.31 73.48
1786308333 129.83 88.31 73.48
1786308334 129.83 88.31 73.48
1786308335 129.83 88.31 73.48
1786308336 129.83 88.31 73.48
1786308338 130.00 89.04 73.79
1786308339 130.00 89.04 73.79
1786308340 130.00 89.04 73.79
1786308341 130.00 89.04 73.79
1786308342 130.00 89.04 73.79
1786308343 140.25 91.84 74.78
1786308344 140.25 91.84 74.78
1786308345 140.25 91.84 74.78
1786308346 140.25 91.84 74.78
1786308347 140.25 91.84 74.78
1786308348 149.84 94.63 75.77
1786308349 149.84 94.63 75.77
1786308350 149.84 94.63 75.77
1786308351 149.84 94.63 75.77
1786308352 149.84 94.63 75.77
1786308353 158.34 97.31 76.74
1786308354 158.34 97.31 76.74
1786308355 158.34 97.31 76.74
1786308356 158.34 97.31 76.74
1786308357 158.34 97.31 76.74
1786308358 166.08 99.93 77.70
1786308359 166.08 99.93 77.70
1786308360 166.08 99.93 77.70
1786308361 166.08 99.93 77.70
1786308362 166.08 99.93 77.70
1786308363 163.51 100.50 78.00
1786308364 163.51 100.50 78.00
1786308365 163.51 100.50 78.00
1786308366 163.51 100.50 78.00
1786308367 163.51 100.50 78.00
1786308368 150.74 98.89 77.61
1786308369 150.74 98.89 77.61
1786308370 150.74 98.89 77.61
1786308371 150.74 98.89 77.61
1786308372 150.74 98.89 77.61
1786308373 139.71 97.47 77.26
1786308374 139.71 97.47 77.26
1786308375 139.71 97.47 77.26
1786308376 139.71 97.47 77.26
1786308377 139.71 97.47 77.26
1786308378 142.06 98.66 77.75
1786308379 142.06 98.66 77.75
1786308380 142.06 98.66 77.75
1786308381 142.06 98.66 77.75
1786308382 142.06 98.66 77.75
1786308383 141.09 99.18 78.03
1786308384 141.09 99.18 78.03
1786308385 141.09 99.18 78.03
1786308386 141.09 99.18 78.03
1786308387 151.17 101.96 79.05
1786308388 151.17 101.96 79.05
1786308389 151.17 101.96 79.05
1786308390 151.17 101.96 79.05
1786308391 151.17 101.96 79.05
1786308392 159.89 104.59 80.02
1786308393 159.89 104.59 80.02
1786308394 159.89 104.59 80.02
1786308395 159.89 104.59 80.02
1786308396 159.89 104.59 80.02
1786308397 160.30 105.59 80.48
1786308398 160.30 105.59 80.48
1786308399 160.30 105.59 80.48
1786308400 160.30 105.59 80.48
1786308401 160.30 105.59 80.48
1786308402 168.20 108.14 81.43
1786308403 168.20 108.14 81.43
1786308404 168.20 108.14 81.43
1786308405 168.20 108.14 81.43
1786308406 168.20 108.14 81.43
1786308407 165.70 108.62 81.73
1786308408 165.70 108.62 81.73
1786308409 165.70 108.62 81.73
1786308410 165.70 108.62 81.73
1786308411 165.70 108.62 81.73
1786308412 152.59 106.85 81.31
1786308413 152.59 106.85 81.31
1786308414 152.59 106.85 81.31
1786308415 152.59 106.85 81.31
1786308417 152.59 106.85 81.31
1786308418 162.48 109.66 82.35
1786308419 162.48 109.66 82.35
1786308420 162.48 109.66 82.35
1786308421 162.48 109.66 82.35
1786308422 162.48 109.66 82.35
1786308423 170.45 112.18 83.32
1786308424 170.45 112.18 83.32
1786308425 170.45 112.18 83.32
1786308426 170.45 112.18 83.32
1786308427 170.45 112.18 83.32
1786308428 164.40 111.90 83.38
1786308429 164.40 111.90 83.38
1786308430 164.40 111.90 83.38
1786308431 164.40 111.90 83.38
1786308432 164.40 111.90 83.38
1786308433 153.96 110.61 83.11
1786308434 153.96 110.61 83.11
1786308435 153.96 110.61 83.11
1786308436 153.96 110.61 83.11
1786308437 153.96 110.61 83.11
1786308438 162.77 113.15 84.09
1786308439 162.77 113.15 84.09
1786308440 162.77 113.15 84.09
1786308441 162.77 113.15 84.09
1786308442 162.77 113.15 84.09
1786308443 170.40 115.56 85.02
1786308444 170.40 115.56 85.02
1786308445 170.40 115.56 85.02
1786308446 170.40 115.56 85.02
1786308447 170.40 115.56 85.02
1786308448 177.57 117.96 85.96
1786308449 177.57 117.96 85.96
1786308450 177.57 117.96 85.96
1786308451 177.57 117.96 85.96
1786308452 177.57 117.96 85.96
1786308453 173.76 118.16 86.20
1786308454 173.76 118.16 86.20
1786308455 173.76 118.16 86.20
1786308456 173.76 118.16 86.20
1786308457 173.76 118.16 86.20
1786308458 180.75 120.53 87.14
1786308459 180.75 120.53 87.14
1786308460 180.75 120.53 87.14
1786308461 180.75 120.53 87.14
1786308462 187.18 122.86 88.07
1786308463 187.18 122.86 88.07
1786308464 187.18 122.86 88.07
1786308465 187.18 122.86 88.07
1786308466 187.18 122.86 88.07
1786308467 191.33 124.79 88.88
1786308468 191.33 124.79 88.88
1786308469 191.33 124.79 88.88
1786308470 191.33 124.79 88.88
1786308471 191.33 124.79 88.88
1786308472 196.91 127.05 89.81
1786308473 196.91 127.05 89.81
1786308474 196.91 127.05 89.81
1786308475 196.91 127.05 89.81
1786308476 196.91 127.05 89.81
1786308477 202.20 129.31 90.74
1786308478 202.20 129.31 90.74
1786308479 202.20 129.31 90.74
1786308480 202.20 129.31 90.74
1786308481 202.20 129.31 90.74
1786308482 196.42 129.32 90.95
1786308483 196.42 129.32 90.95
1786308484 196.42 129.32 90.95
1786308485 196.42 129.32 90.95
1786308486 196.42 129.32 90.95
1786308487 201.83 131.56 91.88
1786308488 201.83 131.56 91.88
1786308489 201.83 131.56 91.88
1786308490 201.83 131.56 91.88
1786308491 201.83 131.56 91.88
1786308492 196.24 131.56 92.09
1786308493 196.24 131.56 92.09
1786308494 196.24 131.56 92.09
1786308496 196.24 131.56 92.09
1786308497 196.24 131.56 92.09
1786308498 191.01 131.55 92.30
1786308499 191.01 131.55 92.30
1786308500 191.01 131.55 92.30
1786308501 191.01 131.55 92.30
1786308502 191.01 131.55 92.30
1786308503 191.49 132.64 92.86
1786308504 191.49 132.64 92.86
1786308505 191.49 132.64 92.86
1786308506 191.49 132.64 92.86
1786308507 191.49 132.64 92.86
1786308508 186.57 132.60 93.06
1786308509 186.57 132.60 93.06
1786308510 186.57 132.60 93.06
1786308511 186.57 132.60 93.06
1786308512 186.57 132.60 93.06
1786308513 182.04 132.55 93.26
1786308514 182.04 132.55 93.26
1786308515 182.04 132.55 93.26
1786308516 182.04 132.55 93.26
1786308517 182.04 132.55 93.26
1786308518 181.79 133.32 93.72
1786308519 181.79 133.32 93.72
1786308520 181.79 133.32 93.72
1786308521 181.79 133.32 93.72
1786308522 181.79 133.32 93.72
1786308523 177.57 133.25 93.91
1786308524 177.57 133.25 93.91
1786308525 177.57 133.25 93.91
1786308526 177.57 133.25 93.91
1786308527 177.57 133.25 93.91
1786308528 183.61 135.24 94.77
1786308529 183.61 135.24 94.77
1786308530 183.61 135.24 94.77
1786308531 183.61 135.24 94.77
1786308532 183.61 135.24 94.77
1786308533 179.39 135.17 94.96
1786308534 179.39 135.17 94.96
1786308535 179.39 135.17 94.96
1786308536 179.39 135.17 94.96
1786308537 179.39 135.17 94.96
1786308538 177.44 135.50 95.29
1786308539 177.44 135.50 95.29
1786308540 177.44 135.50 95.29
1786308541 177.44 135.50 95.29
1786308542 177.44 135.50 95.29
1786308543 164.59 133.53 94.86
1786308544 164.59 133.53 94.86
1786308545 164.59 133.53 94.86
1786308546 164.59 133.53 94.86
1786308547 164.59 133.53 94.86
1786308548 151.65 131.36 94.37
1786308549 151.65 131.36 94.37
1786308550 151.65 131.36 94.37
1786308551 151.65 131.36 94.37
1786308552 150.00 131.36 94.57
1786308553 150.00 131.36 94.57
1786308554 150.00 131.36 94.57
1786308555 150.00 131.36 94.57
1786308556 150.00 131.36 94.57
1786308557 142.71 130.16 94.38
1786308558 142.71 130.16 94.38
1786308559 142.71 130.16 94.38
1786308560 142.71 130.16 94.38
1786308561 142.71 130.16 94.38
1786308562 142.09 130.24 94.59
1786308563 142.09 130.24 94.59
1786308564 142.09 130.24 94.59
1786308565 142.09 130.24 94.59
1786308566 142.09 130.24 94.59
1786308567 151.46 132.37 95.48
1786308568 151.46 132.37 95.48
1786308569 151.46 132.37 95.48
1786308570 151.46 132.37 95.48
1786308571 151.46 132.37 95.48
1786308572 141.41 130.61 95.10
1786308573 141.41 130.61 95.10
1786308574 141.41 130.61 95.10
1786308575 141.41 130.61 95.10
1786308576 141.41 130.61 95.10
1786308577 130.57 128.54 94.63
1786308578 130.57 128.54 94.63
1786308580 130.57 128.54 94.63
1786308581 130.57 128.54 94.63
1786308582 130.57 128.54 94.63
1786308583 130.60 128.58 94.82
1786308584 130.60 128.58 94.82
1786308585 130.60 128.58 94.82
1786308586 130.60 128.58 94.82
1786308587 130.60 128.58 94.82
1786308588 129.75 128.44 94.96
1786308589 129.75 128.44 94.96
1786308590 129.75 128.44 94.96
1786308591 129.75 128.44 94.96
1786308592 129.75 128.44 94.96
1786308593 140.02 130.59 95.83
1786308594 140.02 130.59 95.83
1786308595 140.02 130.59 95.83
1786308596 140.02 130.59 95.83
1786308597 140.02 130.59 95.83
1786308598 141.22 130.99 96.15
1786308599 141.22 130.99 96.15
1786308600 141.22 130.99 96.15
1786308601 141.22 130.99 96.15
1786308602 141.22 130.99 96.15
1786308603 141.76 131.28 96.43
1786308604 141.76 131.28 96.43
1786308605 141.76 131.28 96.43
1786308606 141.76 131.28 96.43
1786308607 141.76 131.28 96.43
1786308608 141.54 131.41 96.66
1786308609 141.54 131.41 96.66
1786308610 141.54 131.41 96.66
1786308611 141.54 131.41 96.66
1786308612 141.54 131.41 96.66
1786308613 151.35 133.61 97.56
1786308614 151.35 133.61 97.56
1786308615 151.35 133.61 97.56
1786308616 151.35 133.61 97.56
1786308617 151.35 133.61 97.56
1786308618 142.67 132.10 97.26
1786308619 142.67 132.10 97.26
1786308620 142.67 132.10 97.26
1786308621 142.67 132.10 97.26
1786308622 142.67 132.10 97.26
1786308623 152.55 134.33 98.17
1786308624 152.55 134.33 98.17
1786308625 152.55 134.33 98.17
1786308626 152.55 134.33 98.17
1786308627 152.55 134.33 98.17
1786308628 140.65 132.16 97.66
1786308629 140.65 132.16 97.66
1786308630 140.65 132.16 97.66
1786308631 140.65 132.16 97.66
1786308632 140.65 132.16 97.66
1786308633 150.21 134.28 98.54
1786308634 150.21 134.28 98.54
1786308635 150.21 134.28 98.54
1786308636 150.21 134.28 98.54
1786308637 150.21 134.28 98.54
1786308638 148.67 134.23 98.71
1786308639 148.67 134.23 98.71
1786308640 148.67 134.23 98.71
1786308641 148.67 134.23 98.71
1786308642 148.67 134.23 98.71
1786308643 157.35 136.27 99.56
1786308644 157.35 136.27 99.56
1786308645 157.35 136.27 99.56
1786308646 157.35 136.27 99.56
1786308647 157.35 136.27 99.56
1786308648 144.99 134.06 99.04
1786308649 144.99 134.06 99.04
1786308650 144.99 134.06 99.04
1786308651 144.99 134.06 99.04
1786308652 154.04 136.11 99.90
1786308653 154.04 136.11 99.90
1786308654 154.04 136.11 99.90
1786308655 154.04 136.11 99.90
1786308656 154.04 136.11 99.90
1786308657 163.32 138.34 100.81
1786308658 163.32 138.34 100.81
1786308659 163.32 138.34 100.81
1786308660 163.32 138.34 100.81
1786308661 163.32 138.34 100.81
1786308662 161.37 138.35 101.02
1786308663 161.37 138.35 101.02
1786308664 161.37 138.35 101.02
1786308665 161.37 138.35 101.02
1786308666 161.37 138.35 101.02
1786308667 169.19 140.35 101.87
1786308668 169.19 140.35 101.87
1786308669 169.19 140.35 101.87
1786308670 169.19 140.35 101.87
1786308671 169.19 140.35 101.87
1786308673 166.13 140.20 102.02
1786308674 166.13 140.20 102.02
1786308675 166.13 140.20 102.02
1786308676 166.13 140.20 102.02
1786308677 166.13 140.20 102.02
1786308678 163.24 140.03 102.17
1786308679 163.24 140.03 102.17
1786308680 163.24 140.03 102.17
1786308681 163.24 140.03 102.17
1786308682 163.24 140.03 102.17
1786308683 160.98 139.94 102.35
1786308684 160.98 139.94 102.35
1786308685 160.98 139.94 102.35
1786308686 160.98 139.94 102.35
1786308687 160.98 139.94 102.35
1786308688 158.50 139.78 102.50
1786308689 158.50 139.78 102.50
1786308690 158.50 139.78 102.50
1786308691 158.50 139.78 102.50
1786308692 158.50 139.78 102.50
1786308693 166.31 141.71 103.32
1786308694 166.31 141.71 103.32
1786308695 166.31 141.71 103.32
1786308696 166.31 141.71 103.32
1786308697 166.31 141.71 103.32
1786308698 163.56 141.55 103.48
1786308699 163.56 141.55 103.48
1786308700 163.56 141.55 103.48
1786308701 163.56 141.55 103.48
