1786413905 91.64 84.50 46.66
1786413906 126.02 91.75 49.21
1786413907 126.02 91.75 49.21
1786413908 126.02 91.75 49.21
1786413909 126.02 91.75 49.21
1786413910 126.02 91.75 49.21
1786413911 116.65 90.37 48.99
1786413912 116.65 90.37 48.99
1786413913 116.65 90.37 48.99
1786413914 116.65 90.37 48.99
1786413915 116.65 90.37 48.99
1786413916 108.11 89.04 48.79
1786413917 108.11 89.04 48.79
1786413918 108.11 89.04 48.79
1786413919 108.11 89.04 48.79
1786413920 108.11 89.04 48.79
1786413921 100.25 87.73 48.58
1786413922 100.25 87.73 48.58
1786413923 100.25 87.73 48.58
1786413924 100.25 87.73 48.58
1786413925 100.25 87.73 48.58
1786413926 125.70 93.21 50.56
1786413927 125.70 93.21 50.56
1786413928 125.70 93.21 50.56
1786413930 125.70 93.21 50.56
1786413931 125.70 93.21 50.56
1786413932 147.02 98.17 52.39
1786413933 147.02 98.17 52.39
1786413934 147.02 98.17 52.39
1786413935 147.02 98.17 52.39
1786413936 147.02 98.17 52.39
1786413937 183.14 106.47 55.33
1786413938 183.14 106.47 55.33
1786413939 183.14 106.47 55.33
1786413940 183.14 106.47 55.33
1786413941 218.52 115.08 58.39
1786413942 218.52 115.08 58.39
1786413943 218.52 115.08 58.39
1786413944 218.52 115.08 58.39
1786413945 218.52 115.08 58.39
1786413946 243.30 121.93 60.91
1786413947 243.30 121.93 60.91
1786413948 243.30 121.93 60.91
1786413949 243.30 121.93 60.91
1786413950 243.30 121.93 60.91
1786413951 272.27 129.95 63.83
1786413952 272.27 129.95 63.83
1786413953 272.27 129.95 63.83
1786413954 272.27 129.95 63.83
1786413955 272.27 129.95 63.83
1786413956 304.68 139.03 67.12
1786413957 304.68 139.03 67.12
1786413959 304.68 139.03 67.12
1786413960 304.68 139.03 67.12
1786413961 304.68 139.03 67.12
1786413962 304.06 141.66 68.36
1786413963 304.06 141.66 68.36
1786413964 304.06 141.66 68.36
1786413965 304.06 141.66 68.36
1786413966 304.06 141.66 68.36
1786413967 316.63 146.96 70.47
1786413968 316.63 146.96 70.47
1786413969 316.63 146.96 70.47
1786413970 316.63 146.96 70.47
1786413971 312.25 148.87 71.50
1786413972 312.25 148.87 71.50
1786413973 312.25 148.87 71.50
1786413974 312.25 148.87 71.50
1786413975 312.25 148.87 71.50
1786413976 317.36 152.64 73.13
1786413977 317.36 152.64 73.13
1786413978 317.36 152.64 73.13
1786413979 317.36 152.64 73.13
1786413980 317.36 152.64 73.13
1786413981 337.27 159.50 75.78
1786413982 337.27 159.50 75.78
1786413983 337.27 159.50 75.78
1786413984 337.27 159.50 75.78
1786413985 337.27 159.50 75.78
1786413986 352.70 165.65 78.22
1786413987 352.70 165.65 78.22
1786413989 352.70 165.65 78.22
1786413990 352.70 165.65 78.22
1786413991 352.70 165.65 78.22
1786413992 351.77 168.56 79.63
1786413993 351.77 168.56 79.63
1786413994 351.77 168.56 79.63
1786413995 351.77 168.56 79.63
1786413996 351.77 168.56 79.63
1786413997 331.77 167.46 79.75
1786413998 331.77 167.46 79.75
1786413999 331.77 167.46 79.75
1786414000 331.77 167.46 79.75
1786414001 305.60 164.76 79.35
1786414002 305.60 164.76 79.35
1786414003 305.60 164.76 79.35
1786414004 305.60 164.76 79.35
1786414005 305.60 164.76 79.35
1786414006 281.45 162.09 78.95
1786414007 281.45 162.09 78.95
1786414008 281.45 162.09 78.95
1786414009 281.45 162.09 78.95
1786414010 281.45 162.09 78.95
1786414011 259.79 159.58 78.58
1786414012 259.79 159.58 78.58
1786414013 259.79 159.58 78.58
1786414014 259.79 159.58 78.58
1786414015 259.79 159.58 78.58
1786414016 250.12 159.24 78.91
1786414017 250.12 159.24 78.91
1786414018 250.12 159.24 78.91
1786414019 250.12 159.24 78.91
1786414020 250.12 159.24 78.91
1786414021 231.61 156.91 78.58
1786414022 231.61 156.91 78.58
1786414023 231.61 156.91 78.58
1786414024 231.61 156.91 78.58
1786414025 231.61 156.91 78.58
1786414026 213.94 154.49 78.22
1786414027 213.94 154.49 78.22
1786414028 213.94 154.49 78.22
1786414029 213.94 154.49 78.22
1786414030 213.94 154.49 78.22
1786414031 197.85 152.14 77.87
1786414032 197.85 152.14 77.87
1786414033 197.85 152.14 77.87
1786414034 197.85 152.14 77.87
1786414035 197.85 152.14 77.87
1786414037 211.72 155.78 79.44
1786414038 211.72 155.78 79.44
1786414039 211.72 155.78 79.44
1786414040 211.72 155.78 79.44
1786414041 211.72 155.78 79.44
1786414042 219.83 158.39 80.70
1786414043 219.83 158.39 80.70
1786414044 219.83 158.39 80.70
1786414045 219.83 158.39 80.70
1786414046 219.83 158.39 80.70
1786414047 245.95 164.82 83.20
1786414048 245.95 164.82 83.20
1786414049 245.95 164.82 83.20
1786414050 245.95 164.82 83.20
1786414051 251.32 167.28 84.43
1786414052 251.32 167.28 84.43
1786414053 251.32 167.28 84.43
1786414054 251.32 167.28 84.43
1786414055 251.32 167.28 84.43
1786414056 276.92 173.98 87.05
1786414057 276.92 173.98 87.05
1786414058 276.92 173.98 87.05
1786414059 276.92 173.98 87.05
1786414060 276.92 173.98 87.05
1786414061 307.43 182.02 90.11
1786414062 307.43 182.02 90.11
1786414063 307.43 182.02 90.11
1786414064 307.43 182.02 90.11
1786414066 307.43 182.02 90.11
1786414067 322.29 187.18 92.28
1786414068 322.29 187.18 92.28
1786414069 322.29 187.18 92.28
1786414070 322.29 187.18 92.28
1786414071 322.29 187.18 92.28
1786414072 339.01 192.89 94.63
1786414073 339.01 192.89 94.63
1786414074 339.01 192.89 94.63
1786414075 339.01 192.89 94.63
1786414076 339.01 192.89 94.63
1786414077 360.47 199.77 97.39
1786414078 360.47 199.77 97.39
1786414079 360.47 199.77 97.39
1786414080 360.47 199.77 97.39
1786414081 371.24 204.67 99.52
1786414082 371.24 204.67 99.52
1786414083 371.24 204.67 99.52
1786414084 371.24 204.67 99.52
1786414085 371.24 204.67 99.52
1786414086 389.72 211.26 102.22
1786414087 389.72 211.26 102.22
1786414088 389.72 211.26 102.22
1786414089 389.72 211.26 102.22
1786414090 389.72 211.26 102.22
1786414091 398.39 216.02 104.35
1786414092 398.39 216.02 104.35
1786414093 398.39 216.02 104.35
1786414094 398.39 216.02 104.35
1786414095 398.39 216.02 104.35
1786414097 408.45 221.14 106.60
1786414098 408.45 221.14 106.60
1786414099 408.45 221.14 106.60
1786414100 408.45 221.14 106.60
1786414101 408.45 221.14 106.60
1786414102 420.99 226.85 109.06
1786414103 420.99 226.85 109.06
1786414104 420.99 226.85 109.06
1786414105 420.99 226.85 109.06
1786414106 420.99 226.85 109.06
1786414107 425.95 231.10 111.07
1786414108 425.95 231.10 111.07
1786414109 425.95 231.10 111.07
1786414110 425.95 231.10 111.07
1786414111 428.28 234.82 112.92
1786414112 428.28 234.82 112.92
1786414113 428.28 234.82 112.92
1786414114 428.28 234.82 112.92
1786414115 428.28 234.82 112.92
1786414116 405.11 233.23 113.06
1786414117 405.11 233.23 113.06
1786414118 405.11 233.23 113.06
1786414119 405.11 233.23 113.06
1786414120 405.11 233.23 113.06
1786414121 373.47 229.52 112.51
1786414122 373.47 229.52 112.51
1786414123 373.47 229.52 112.51
1786414124 373.47 229.52 112.51
1786414125 373.47 229.52 112.51
1786414126 344.29 225.86 111.95
1786414127 344.29 225.86 111.95
1786414128 344.29 225.86 111.95
1786414129 344.29 225.86 111.95
1786414130 344.29 225.86 111.95
1786414131 317.12 222.19 111.38
1786414132 317.12 222.19 111.38
1786414133 317.12 222.19 111.38
1786414134 317.12 222.19 111.38
1786414135 317.12 222.19 111.38
1786414136 291.88 218.54 110.79
1786414137 291.88 218.54 110.79
1786414138 291.88 218.54 110.79
