1786415534 252.03 228.45 188.21
1786415535 252.03 228.45 188.21
1786415536 252.03 228.45 188.21
1786415537 252.03 228.45 188.21
1786415538 232.57 224.81 187.25
1786415539 232.57 224.81 187.25
1786415540 232.57 224.81 187.25
1786415541 232.57 224.81 187.25
1786415542 232.57 224.81 187.25
1786415543 214.66 221.22 186.29
1786415544 214.66 221.22 186.29
1786415545 214.66 221.22 186.29
1786415546 214.66 221.22 186.29
1786415547 214.66 221.22 186.29
1786415548 198.28 217.72 185.34
1786415549 198.28 217.72 185.34
1786415550 198.28 217.72 185.34
1786415551 198.28 217.72 185.34
1786415552 198.28 217.72 185.34
1786415553 183.28 214.29 184.41
1786415554 183.28 214.29 184.41
1786415555 183.28 214.29 184.41
1786415556 183.28 214.29 184.41
1786415557 183.28 214.29 184.41
1786415558 169.24 210.86 183.46
1786415559 169.24 210.86 183.46
1786415560 169.24 210.86 183.46
1786415561 169.24 210.86 183.46
1786415562 169.24 210.86 183.46
1786415563 156.49 207.53 182.53
1786415564 156.49 207.53 182.53
1786415565 156.49 207.53 182.53
1786415566 156.49 207.53 182.53
1786415567 156.49 207.53 182.53
1786415568 176.79 210.89 183.75
1786415569 176.79 210.89 183.75
1786415570 176.79 210.89 183.75
1786415571 176.79 210.89 183.75
1786415572 194.18 213.93 184.88
1786415573 194.18 213.93 184.88
1786415574 194.18 213.93 184.88
1786415575 194.18 213.93 184.88
1786415576 194.18 213.93 184.88
1786415577 214.43 217.80 186.29
1786415579 214.43 217.80 186.29
1786415580 214.43 217.80 186.29
1786415581 214.43 217.80 186.29
1786415582 214.43 217.80 186.29
1786415583 251.23 225.37 188.90
1786415584 251.23 225.37 188.90
1786415585 251.23 225.37 188.90
1786415586 251.23 225.37 188.90
1786415587 251.23 225.37 188.90
1786415588 264.03 228.45 190.10
1786415589 264.03 228.45 190.10
1786415590 264.03 228.45 190.10
1786415591 264.03 228.45 190.10
1786415592 276.12 231.55 191.31
1786415593 276.12 231.55 191.31
1786415594 276.12 231.55 191.31
1786415595 276.12 231.55 191.31
1786415596 276.12 231.55 191.31
1786415597 293.40 235.87 192.92
1786415598 293.40 235.87 192.92
1786415599 293.40 235.87 192.92
1786415600 293.40 235.87 192.92
1786415602 293.40 235.87 192.92
1786415603 314.43 241.19 194.87
1786415604 314.43 241.19 194.87
1786415605 314.43 241.19 194.87
1786415606 314.43 241.19 194.87
1786415607 314.43 241.19 194.87
1786415608 332.34 246.12 196.71
1786415609 332.34 246.12 196.71
1786415610 332.34 246.12 196.71
1786415611 332.34 246.12 196.71
1786415612 332.34 246.12 196.71
1786415613 359.62 253.20 199.27
1786415614 359.62 253.20 199.27
1786415615 359.62 253.20 199.27
1786415616 359.62 253.20 199.27
1786415617 359.62 253.20 199.27
1786415618 376.14 258.40 201.24
1786415619 376.14 258.40 201.24
1786415620 376.14 258.40 201.24
1786415621 376.14 258.40 201.24
1786415622 377.09 260.55 202.25
1786415623 377.09 260.55 202.25
1786415624 377.09 260.55 202.25
1786415625 377.09 260.55 202.25
1786415626 377.09 260.55 202.25
1786415627 347.06 256.26 201.17
1786415628 347.06 256.26 201.17
1786415630 347.06 256.26 201.17
1786415631 347.06 256.26 201.17
1786415632 347.06 256.26 201.17
1786415633 319.98 252.15 200.14
1786415634 319.98 252.15 200.14
1786415635 319.98 252.15 200.14
1786415636 319.98 252.15 200.14
1786415637 319.98 252.15 200.14
1786415638 308.77 250.95 200.03
1786415639 308.77 250.95 200.03
1786415640 308.77 250.95 200.03
1786415641 308.77 250.95 200.03
1786415642 308.77 250.95 200.03
1786415643 305.43 251.22 200.39
1786415644 305.43 251.22 200.39
1786415645 305.43 251.22 200.39
1786415646 305.43 251.22 200.39
1786415647 305.43 251.22 200.39
1786415648 281.69 247.20 199.36
1786415649 281.69 247.20 199.36
1786415650 281.69 247.20 199.36
1786415651 281.69 247.20 199.36
1786415652 281.69 247.20 199.36
1786415653 259.93 243.26 198.34
1786415654 259.93 243.26 198.34
1786415655 259.93 243.26 198.34
1786415656 259.93 243.26 198.34
1786415657 259.93 243.26 198.34
1786415658 250.17 241.51 198.02
1786415659 250.17 241.51 198.02
1786415660 250.17 241.51 198.02
1786415661 250.17 241.51 198.02
1786415662 250.17 241.51 198.02
1786415663 271.30 246.04 199.72
1786415664 271.30 246.04 199.72
1786415665 271.30 246.04 199.72
1786415666 271.30 246.04 199.72
1786415667 271.30 246.04 199.72
1786415668 325.09 257.61 203.71
1786415669 325.09 257.61 203.71
1786415670 325.09 257.61 203.71
1786415671 325.09 257.61 203.71
1786415672 329.00 259.54 204.63
1786415673 329.00 259.54 204.63
1786415674 329.00 259.54 204.63
1786415675 329.00 259.54 204.63
1786415676 329.00 259.54 204.63
1786415677 340.21 263.02 206.05
1786415679 340.21 263.02 206.05
1786415680 340.21 263.02 206.05
1786415681 340.21 263.02 206.05
1786415682 340.21 263.02 206.05
1786415683 344.04 265.09 207.02
1786415684 344.04 265.09 207.02
1786415685 344.04 265.09 207.02
1786415686 344.04 265.09 207.02
1786415687 344.04 265.09 207.02
1786415688 355.65 268.81 208.54
1786415689 355.65 268.81 208.54
1786415690 355.65 268.81 208.54
1786415691 355.65 268.81 208.54
1786415692 355.65 268.81 208.54
1786415693 366.97 272.60 210.09
1786415694 366.97 272.60 210.09
1786415695 366.97 272.60 210.09
1786415696 366.97 272.60 210.09
1786415697 366.97 272.60 210.09
1786415698 371.86 275.18 211.26
1786415699 371.86 275.18 211.26
1786415700 371.86 275.18 211.26
1786415701 371.86 275.18 211.26
1786415702 394.85 281.55 213.66
1786415703 394.85 281.55 213.66
1786415704 394.85 281.55 213.66
1786415706 394.85 281.55 213.66
1786415707 394.85 281.55 213.66
1786415708 416.56 287.93 216.09
1786415709 416.56 287.93 216.09
1786415710 416.56 287.93 216.09
1786415711 416.56 287.93 216.09
1786415712 416.56 287.93 216.09
1786415713 430.69 293.00 218.12
1786415714 430.69 293.00 218.12
1786415715 430.69 293.00 218.12
1786415716 430.69 293.00 218.12
1786415717 430.69 293.00 218.12
1786415718 442.89 297.81 220.08
1786415719 442.89 297.81 220.08
1786415720 442.89 297.81 220.08
1786415721 442.89 297.81 220.08
1786415722 442.89 297.81 220.08
1786415723 445.14 300.69 221.43
1786415724 445.14 300.69 221.43
1786415725 445.14 300.69 221.43
1786415726 445.14 300.69 221.43
1786415727 445.14 300.69 221.43
1786415728 454.34 305.00 223.25
1786415729 454.34 305.00 223.25
1786415730 454.34 305.00 223.25
1786415731 454.34 305.00 223.25
1786415732 453.43 307.29 224.43
1786415733 453.43 307.29 224.43
1786415734 453.43 307.29 224.43
1786415736 453.43 307.29 224.43
1786415737 453.43 307.29 224.43
1786415738 456.60 310.37 225.87
1786415739 456.60 310.37 225.87
1786415740 456.60 310.37 225.87
1786415741 456.60 310.37 225.87
1786415742 456.60 310.37 225.87
1786415743 455.03 312.47 227.00
1786415744 455.03 312.47 227.00
1786415745 455.03 312.47 227.00
1786415746 455.03 312.47 227.00
1786415747 455.03 312.47 227.00
1786415748 445.02 312.76 227.56
1786415749 445.02 312.76 227.56
1786415750 445.02 312.76 227.56
1786415751 445.02 312.76 227.56
1786415752 445.02 312.76 227.56
1786415753 410.34 307.77 226.40
1786415754 410.34 307.77 226.40
1786415755 410.34 307.77 226.40
1786415756 410.34 307.77 226.40
1786415757 410.34 307.77 226.40
1786415758 380.28 303.24 225.37
1786415759 380.28 303.24 225.37
1786415760 380.28 303.24 225.37
1786415761 380.28 303.24 225.37
1786415762 380.28 303.24 225.37
1786415763 350.47 298.34 224.20
1786415764 350.47 298.34 224.20
1786415765 350.47 298.34 224.20
