1786397752 23.10 13.57 12.81
1786397753 21.65 13.43 12.77
1786397754 21.65 13.43 12.77
1786397755 21.65 13.43 12.77
1786397756 21.65 13.43 12.77
1786397757 21.65 13.43 12.77
1786397758 20.55 13.34 12.74
1786397759 20.55 13.34 12.74
1786397760 20.55 13.34 12.74
1786397761 20.55 13.34 12.74
1786397762 20.55 13.34 12.74
1786397763 18.99 13.14 12.68
1786397764 18.99 13.14 12.68
1786397765 18.99 13.14 12.68
1786397766 18.99 13.14 12.68
1786397767 18.99 13.14 12.68
1786397768 17.95 13.02 12.64
1786397769 17.95 13.02 12.64
1786397770 17.95 13.02 12.64
1786397771 17.95 13.02 12.64
1786397772 17.95 13.02 12.64
1786397773 17.07 12.92 12.61
1786397774 17.07 12.92 12.61
1786397775 17.07 12.92 12.61
1786397776 17.07 12.92 12.61
1786397777 17.07 12.92 12.61
1786397778 16.50 12.87 12.59
1786397779 16.50 12.87 12.59
1786397780 16.50 12.87 12.59
1786397781 16.50 12.87 12.59
1786397782 16.50 12.87 12.59
1786397783 22.23 14.12 13.00
1786397784 22.23 14.12 13.00
1786397785 22.23 14.12 13.00
1786397786 22.23 14.12 13.00
1786397787 22.23 14.12 13.00
1786397788 25.09 14.85 13.24
1786397789 25.09 14.85 13.24
1786397790 25.09 14.85 13.24
1786397791 25.09 14.85 13.24
1786397792 25.09 14.85 13.24
1786397793 23.56 14.70 13.20
1786397794 23.56 14.70 13.20
1786397795 23.56 14.70 13.20
1786397796 23.56 14.70 13.20
1786397797 23.56 14.70 13.20
1786397798 22.32 14.59 13.17
1786397799 22.32 14.59 13.17
1786397800 22.32 14.59 13.17
