1786408969 10.92 15.55 92.49
1786408970 10.92 15.55 92.49
1786408971 10.92 15.55 92.49
1786408972 10.92 15.55 92.49
1786408973 10.29 15.35 92.01
1786408974 10.29 15.35 92.01
1786408975 10.29 15.35 92.01
1786408976 10.29 15.35 92.01
1786408977 10.29 15.35 92.01
1786408978 9.86 15.17 91.54
1786408979 9.86 15.17 91.54
1786408980 9.86 15.17 91.54
1786408981 9.86 15.17 91.54
1786408982 9.86 15.17 91.54
1786408983 9.23 14.96 91.06
1786408984 9.23 14.96 91.06
1786408985 9.23 14.96 91.06
1786408986 9.23 14.96 91.06
1786408987 9.23 14.96 91.06
1786408988 8.97 14.81 90.60
1786408989 8.97 14.81 90.60
1786408990 8.97 14.81 90.60
1786408991 8.97 14.81 90.60
1786408992 8.97 14.81 90.60
1786408993 8.90 14.69 90.16
1786408994 8.90 14.69 90.16
1786408995 8.90 14.69 90.16
1786408996 8.90 14.69 90.16
1786408997 8.90 14.69 90.16
1786408998 8.50 14.52 89.69
1786408999 8.50 14.52 89.69
1786409000 8.50 14.52 89.69
1786409001 8.50 14.52 89.69
1786409002 8.30 14.37 89.24
1786409003 8.30 14.37 89.24
1786409004 8.30 14.37 89.24
1786409005 8.30 14.37 89.24
1786409006 8.30 14.37 89.24
1786409007 8.36 14.28 88.81
1786409008 8.36 14.28 88.81
1786409009 8.36 14.28 88.81
1786409010 8.36 14.28 88.81
1786409011 8.36 14.28 88.81
1786409012 7.93 14.10 88.35
1786409013 7.93 14.10 88.35
1786409014 7.93 14.10 88.35
1786409015 7.93 14.10 88.35
1786409016 7.93 14.10 88.35
1786409017 7.37 13.88 87.88
1786409018 7.37 13.88 87.88
1786409019 7.37 13.88 87.88
1786409020 7.37 13.88 87.88
1786409021 7.37 13.88 87.88
1786409022 7.34 13.77 87.45
1786409023 7.34 13.77 87.45
1786409024 7.34 13.77 87.45
1786409025 7.34 13.77 87.45
1786409026 7.34 13.77 87.45
1786409027 7.08 13.60 87.00
1786409028 7.08 13.60 87.00
1786409029 7.08 13.60 87.00
1786409030 7.08 13.60 87.00
1786409031 7.08 13.60 87.00
1786409032 6.91 13.46 86.56
1786409033 6.91 13.46 86.56
1786409034 6.91 13.46 86.56
1786409035 6.91 13.46 86.56
1786409036 6.91 13.46 86.56
1786409037 7.08 13.39 86.14
1786409038 7.08 13.39 86.14
1786409039 7.08 13.39 86.14
1786409040 7.08 13.39 86.14
1786409041 7.08 13.39 86.14
1786409042 16.92 15.32 86.38
1786409043 16.92 15.32 86.38
1786409044 16.92 15.32 86.38
1786409045 16.92 15.32 86.38
1786409046 16.92 15.32 86.38
1786409047 15.81 15.12 85.93
1786409048 15.81 15.12 85.93
1786409049 15.81 15.12 85.93
1786409050 15.81 15.12 85.93
1786409051 15.81 15.12 85.93
1786409052 15.26 15.02 85.52
1786409053 15.26 15.02 85.52
1786409054 15.26 15.02 85.52
1786409055 15.26 15.02 85.52
1786409056 15.26 15.02 85.52
1786409057 14.44 14.85 85.08
1786409058 14.44 14.85 85.08
1786409059 14.44 14.85 85.08
1786409060 14.44 14.85 85.08
1786409061 14.44 14.85 85.08
1786409062 23.61 16.74 85.32
1786409063 23.61 16.74 85.32
1786409064 23.61 16.74 85.32
1786409065 23.61 16.74 85.32
1786409066 23.61 16.74 85.32
1786409067 22.20 16.57 84.89
1786409068 22.20 16.57 84.89
1786409069 22.20 16.57 84.89
1786409070 22.20 16.57 84.89
1786409071 22.20 16.57 84.89
1786409072 20.58 16.32 84.45
1786409073 20.58 16.32 84.45
1786409074 20.58 16.32 84.45
1786409075 20.58 16.32 84.45
1786409076 20.58 16.32 84.45
1786409077 29.27 18.19 84.69
1786409078 29.27 18.19 84.69
1786409079 29.27 18.19 84.69
1786409080 29.27 18.19 84.69
1786409081 29.27 18.19 84.69
1786409082 27.24 17.96 84.25
1786409083 27.24 17.96 84.25
1786409084 27.24 17.96 84.25
1786409085 27.24 17.96 84.25
1786409086 27.24 17.96 84.25
1786409087 25.30 17.71 83.82
1786409088 25.30 17.71 83.82
1786409089 25.30 17.71 83.82
1786409091 25.30 17.71 83.82
1786409092 25.30 17.71 83.82
1786409093 23.43 17.45 83.38
1786409094 23.43 17.45 83.38
1786409095 23.43 17.45 83.38
1786409096 23.43 17.45 83.38
1786409097 23.43 17.45 83.38
1786409098 22.04 17.26 82.96
1786409099 22.04 17.26 82.96
1786409100 22.04 17.26 82.96
1786409101 22.04 17.26 82.96
1786409102 22.04 17.26 82.96
1786409103 20.83 17.09 82.55
1786409104 20.83 17.09 82.55
1786409105 20.83 17.09 82.55
1786409106 20.83 17.09 82.55
1786409107 20.83 17.09 82.55
1786409108 19.65 16.90 82.14
1786409109 19.65 16.90 82.14
1786409110 19.65 16.90 82.14
1786409111 19.65 16.90 82.14
1786409112 19.65 16.90 82.14
1786409113 18.47 16.71 81.73
1786409114 18.47 16.71 81.73
1786409115 18.47 16.71 81.73
1786409116 18.47 16.71 81.73
1786409117 18.47 16.71 81.73
1786409118 17.15 16.46 81.30
1786409119 17.15 16.46 81.30
1786409120 17.15 16.46 81.30
1786409121 17.15 16.46 81.30
1786409122 17.15 16.46 81.30
1786409123 15.86 16.20 80.87
1786409124 15.86 16.20 80.87
1786409125 15.86 16.20 80.87
1786409126 15.86 16.20 80.87
1786409127 15.86 16.20 80.87
1786409128 15.23 16.07 80.48
1786409129 15.23 16.07 80.48
1786409130 15.23 16.07 80.48
1786409131 15.23 16.07 80.48
1786409132 15.23 16.07 80.48
1786409133 14.25 15.85 80.06
1786409134 14.25 15.85 80.06
1786409135 14.25 15.85 80.06
1786409136 14.25 15.85 80.06
1786409137 14.25 15.85 80.06
1786409138 13.19 15.60 79.63
1786409139 13.19 15.60 79.63
1786409140 13.19 15.60 79.63
1786409141 13.19 15.60 79.63
1786409142 13.19 15.60 79.63
1786409143 12.53 15.43 79.23
1786409144 12.53 15.43 79.23
1786409145 12.53 15.43 79.23
1786409146 12.53 15.43 79.23
1786409147 12.53 15.43 79.23
1786409148 11.61 15.19 78.81
1786409149 11.61 15.19 78.81
1786409150 11.61 15.19 78.81
1786409151 11.61 15.19 78.81
1786409152 11.61 15.19 78.81
1786409153 11.00 15.00 78.41
1786409154 11.00 15.00 78.41
1786409155 11.00 15.00 78.41
1786409156 11.00 15.00 78.41
1786409157 11.00 15.00 78.41
1786409158 10.92 14.92 78.04
1786409159 10.92 14.92 78.04
1786409160 10.92 14.92 78.04
1786409161 10.92 14.92 78.04
1786409162 10.92 14.92 78.04
1786409163 10.69 14.80 77.67
1786409164 10.69 14.80 77.67
1786409165 10.69 14.80 77.67
1786409166 10.69 14.80 77.67
1786409167 10.07 14.61 77.27
1786409168 10.07 14.61 77.27
1786409169 10.07 14.61 77.27
1786409170 10.07 14.61 77.27
1786409171 10.07 14.61 77.27
1786409172 19.83 16.56 77.56
1786409173 19.83 16.56 77.56
1786409174 19.83 16.56 77.56
1786409175 19.83 16.56 77.56
1786409176 19.83 16.56 77.56
1786409177 18.41 16.31 77.15
1786409178 18.41 16.31 77.15
1786409179 18.41 16.31 77.15
1786409180 18.41 16.31 77.15
1786409181 18.41 16.31 77.15
1786409182 17.17 16.09 76.76
1786409183 17.17 16.09 76.76
1786409184 17.17 16.09 76.76
1786409185 17.17 16.09 76.76
1786409186 17.17 16.09 76.76
1786409187 17.72 16.22 76.47
1786409188 17.72 16.22 76.47
1786409189 17.72 16.22 76.47
1786409190 17.72 16.22 76.47
1786409191 17.72 16.22 76.47
1786409192 16.70 16.04 76.09
1786409193 16.70 16.04 76.09
1786409194 16.70 16.04 76.09
1786409195 16.70 16.04 76.09
1786409196 16.70 16.04 76.09
1786409197 15.44 15.79 75.68
1786409198 15.44 15.79 75.68
1786409199 15.44 15.79 75.68
1786409200 15.44 15.79 75.68
1786409201 15.44 15.79 75.68
1786409202 14.77 15.64 75.31
1786409203 14.77 15.64 75.31
1786409204 14.77 15.64 75.31
1786409205 14.77 15.64 75.31
1786409206 14.77 15.64 75.31
1786409207 13.90 15.45 74.93
1786409208 13.90 15.45 74.93
1786409209 13.90 15.45 74.93
1786409210 13.90 15.45 74.93
1786409211 13.90 15.45 74.93
1786409212 13.27 15.29 74.56
1786409213 13.27 15.29 74.56
1786409214 13.27 15.29 74.56
1786409215 13.27 15.29 74.56
1786409216 13.27 15.29 74.56
1786409217 13.01 15.20 74.21
1786409218 13.01 15.20 74.21
1786409219 13.01 15.20 74.21
1786409220 13.01 15.20 74.21
1786409221 13.01 15.20 74.21
1786409222 12.13 14.98 73.83
1786409223 12.13 14.98 73.83
1786409224 12.13 14.98 73.83
1786409225 12.13 14.98 73.83
1786409226 12.13 14.98 73.83
1786409227 11.24 14.75 73.43
1786409228 11.24 14.75 73.43
1786409229 11.24 14.75 73.43
1786409230 11.24 14.75 73.43
1786409231 11.24 14.75 73.43
1786409232 16.58 15.80 73.46
1786409234 16.58 15.80 73.46
1786409235 16.58 15.80 73.46
1786409236 16.58 15.80 73.46
1786409237 16.58 15.80 73.46
1786409238 15.50 15.59 73.08
1786409239 15.50 15.59 73.08
1786409240 15.50 15.59 73.08
1786409241 15.50 15.59 73.08
1786409242 15.50 15.59 73.08
1786409243 14.41 15.36 72.70
1786409244 14.41 15.36 72.70
1786409245 14.41 15.36 72.70
1786409246 14.41 15.36 72.70
1786409247 14.41 15.36 72.70
1786409248 13.82 15.22 72.35
1786409249 13.82 15.22 72.35
1786409250 13.82 15.22 72.35
1786409251 13.82 15.22 72.35
1786409252 13.82 15.22 72.35
1786409253 13.03 15.04 71.98
1786409254 13.03 15.04 71.98
1786409255 13.03 15.04 71.98
1786409256 13.03 15.04 71.98
1786409257 13.03 15.04 71.98
1786409258 12.23 14.84 71.61
1786409259 12.23 14.84 71.61
1786409260 12.23 14.84 71.61
1786409261 12.23 14.84 71.61
1786409262 12.23 14.84 71.61
1786409263 11.57 14.66 71.24
1786409264 11.57 14.66 71.24
1786409265 11.57 14.66 71.24
1786409266 11.57 14.66 71.24
1786409267 11.57 14.66 71.24
1786409268 14.09 15.13 71.09
1786409269 14.09 15.13 71.09
1786409270 14.09 15.13 71.09
1786409271 14.09 15.13 71.09
1786409272 14.09 15.13 71.09
1786409273 13.28 14.94 70.73
1786409274 13.28 14.94 70.73
1786409275 13.28 14.94 70.73
1786409276 13.28 14.94 70.73
1786409277 13.28 14.94 70.73
1786409278 12.54 14.76 70.37
1786409279 12.54 14.76 70.37
1786409280 12.54 14.76 70.37
1786409281 12.54 14.76 70.37
1786409282 12.54 14.76 70.37
1786409283 11.69 14.55 70.00
1786409284 11.69 14.55 70.00
1786409285 11.69 14.55 70.00
1786409286 11.69 14.55 70.00
1786409287 11.69 14.55 70.00
1786409288 10.92 14.34 69.64
1786409289 10.92 14.34 69.64
1786409290 10.92 14.34 69.64
1786409291 10.92 14.34 69.64
1786409292 10.92 14.34 69.64
1786409293 10.36 14.17 69.29
1786409294 10.36 14.17 69.29
1786409295 10.36 14.17 69.29
1786409296 10.36 14.17 69.29
1786409297 10.36 14.17 69.29
1786409298 9.77 13.98 68.93
1786409299 9.77 13.98 68.93
1786409300 9.77 13.98 68.93
1786409301 9.77 13.98 68.93
1786409302 9.77 13.98 68.93
1786409303 9.07 13.77 68.56
1786409304 9.07 13.77 68.56
1786409305 9.07 13.77 68.56
1786409306 9.07 13.77 68.56
1786409307 9.07 13.77 68.56
1786409308 8.74 13.62 68.22
1786409309 8.74 13.62 68.22
1786409310 8.74 13.62 68.22
1786409311 8.74 13.62 68.22
1786409312 8.74 13.62 68.22
1786409313 8.20 13.43 67.87
1786409314 8.20 13.43 67.87
1786409315 8.20 13.43 67.87
1786409316 8.20 13.43 67.87
1786409317 8.20 13.43 67.87
1786409318 7.63 13.22 67.51
1786409319 7.63 13.22 67.51
1786409320 7.63 13.22 67.51
1786409321 7.63 13.22 67.51
1786409322 7.63 13.22 67.51
1786409323 17.83 15.24 67.87
1786409324 17.83 15.24 67.87
1786409325 17.83 15.24 67.87
1786409326 17.83 15.24 67.87
1786409327 17.83 15.24 67.87
1786409328 26.65 17.12 68.19
1786409329 26.65 17.12 68.19
1786409330 26.65 17.12 68.19
1786409331 26.65 17.12 68.19
1786409332 24.75 16.88 67.84
1786409333 24.75 16.88 67.84
1786409334 24.75 16.88 67.84
1786409335 24.75 16.88 67.84
1786409336 24.75 16.88 67.84
1786409337 23.01 16.65 67.49
1786409338 23.01 16.65 67.49
1786409339 23.01 16.65 67.49
1786409340 23.01 16.65 67.49
1786409341 23.01 16.65 67.49
1786409342 21.33 16.41 67.14
1786409343 21.33 16.41 67.14
1786409344 21.33 16.41 67.14
1786409345 21.33 16.41 67.14
1786409346 21.33 16.41 67.14
1786409347 19.70 16.15 66.79
1786409348 19.70 16.15 66.79
1786409349 19.70 16.15 66.79
1786409350 19.70 16.15 66.79
1786409351 19.70 16.15 66.79
1786409352 18.52 15.97 66.45
1786409353 18.52 15.97 66.45
1786409354 18.52 15.97 66.45
1786409355 18.52 15.97 66.45
1786409356 18.52 15.97 66.45
1786409357 17.20 15.73 66.11
1786409358 17.20 15.73 66.11
1786409359 17.20 15.73 66.11
1786409360 17.20 15.73 66.11
1786409361 17.20 15.73 66.11
1786409362 27.92 17.98 66.56
1786409363 27.92 17.98 66.56
1786409364 27.92 17.98 66.56
1786409365 27.92 17.98 66.56
1786409366 27.92 17.98 66.56
1786409367 25.92 17.73 66.22
1786409368 25.92 17.73 66.22
1786409369 25.92 17.73 66.22
1786409370 25.92 17.73 66.22
1786409371 25.92 17.73 66.22
1786409372 24.08 17.49 65.88
1786409373 24.08 17.49 65.88
1786409374 24.08 17.49 65.88
1786409375 24.08 17.49 65.88
1786409376 24.08 17.49 65.88
1786409377 22.40 17.25 65.54
1786409379 22.40 17.25 65.54
1786409380 22.40 17.25 65.54
1786409381 22.40 17.25 65.54
1786409382 22.40 17.25 65.54
1786409383 21.16 17.08 65.23
1786409384 21.16 17.08 65.23
1786409385 21.16 17.08 65.23
1786409386 21.16 17.08 65.23
1786409387 21.16 17.08 65.23
1786409388 19.79 16.86 64.90
1786409389 19.79 16.86 64.90
1786409390 19.79 16.86 64.90
1786409391 19.79 16.86 64.90
1786409392 19.79 16.86 64.90
1786409393 18.44 16.63 64.57
1786409394 18.44 16.63 64.57
1786409395 18.44 16.63 64.57
1786409396 18.44 16.63 64.57
1786409397 18.44 16.63 64.57
1786409398 17.13 16.38 64.23
1786409399 17.13 16.38 64.23
1786409400 17.13 16.38 64.23
1786409401 17.13 16.38 64.23
1786409402 17.13 16.38 64.23
1786409403 15.92 16.14 63.90
1786409404 15.92 16.14 63.90
1786409405 15.92 16.14 63.90
1786409406 15.92 16.14 63.90
1786409407 15.92 16.14 63.90
1786409408 14.96 15.94 63.58
1786409409 14.96 15.94 63.58
1786409410 14.96 15.94 63.58
1786409411 14.96 15.94 63.58
1786409412 14.96 15.94 63.58
1786409413 14.00 15.73 63.25
1786409414 14.00 15.73 63.25
1786409415 14.00 15.73 63.25
1786409416 14.00 15.73 63.25
1786409417 14.00 15.73 63.25
