1786413368 3.67 2.30 5.71
1786413369 3.67 2.30 5.71
1786413370 3.67 2.30 5.71
1786413371 4.02 2.39 5.72
1786413372 4.02 2.39 5.72
1786413373 4.02 2.39 5.72
1786413374 4.02 2.39 5.72
1786413375 4.02 2.39 5.72
1786413376 4.34 2.48 5.73
1786413377 4.34 2.48 5.73
1786413378 4.34 2.48 5.73
1786413379 4.34 2.48 5.73
1786413380 4.34 2.48 5.73
1786413381 4.47 2.54 5.73
1786413382 4.47 2.54 5.73
1786413383 4.47 2.54 5.73
1786413384 4.47 2.54 5.73
1786413385 4.47 2.54 5.73
1786413386 4.75 2.63 5.75
1786413387 4.75 2.63 5.75
1786413388 4.75 2.63 5.75
1786413389 4.75 2.63 5.75
1786413390 4.75 2.63 5.75
1786413391 4.77 2.67 5.74
1786413392 4.77 2.67 5.74
1786413393 4.77 2.67 5.74
1786413394 4.77 2.67 5.74
1786413395 4.77 2.67 5.74
1786413396 4.47 2.65 5.72
1786413397 4.47 2.65 5.72
1786413398 4.47 2.65 5.72
1786413399 4.47 2.65 5.72
1786413400 4.47 2.65 5.72
1786413401 14.60 4.78 6.39
1786413402 14.60 4.78 6.39
1786413403 14.60 4.78 6.39
1786413404 14.60 4.78 6.39
1786413405 14.64 4.95 6.43
1786413406 14.64 4.95 6.43
1786413407 14.64 4.95 6.43
1786413408 14.64 4.95 6.43
1786413409 14.64 4.95 6.43
1786413410 13.94 4.96 6.43
1786413411 13.94 4.96 6.43
1786413412 13.94 4.96 6.43
1786413413 13.94 4.96 6.43
1786413415 13.94 4.96 6.43
1786413416 13.55 5.03 6.45
1786413417 13.55 5.03 6.45
1786413418 13.55 5.03 6.45
1786413419 13.55 5.03 6.45
1786413420 13.55 5.03 6.45
1786413421 13.02 5.06 6.45
1786413422 13.02 5.06 6.45
1786413423 13.02 5.06 6.45
1786413424 13.02 5.06 6.45
1786413425 13.02 5.06 6.45
1786413426 22.63 7.19 7.13
1786413427 22.63 7.19 7.13
1786413428 22.63 7.19 7.13
1786413429 22.63 7.19 7.13
1786413430 22.63 7.19 7.13
1786413431 49.89 13.10 9.04
1786413432 49.89 13.10 9.04
1786413433 49.89 13.10 9.04
1786413434 49.89 13.10 9.04
1786413435 49.89 13.10 9.04
1786413436 83.05 20.58 11.49
1786413437 83.05 20.58 11.49
1786413438 83.05 20.58 11.49
1786413439 83.05 20.58 11.49
1786413440 83.05 20.58 11.49
1786413441 100.26 25.19 13.02
1786413442 100.26 25.19 13.02
1786413443 100.26 25.19 13.02
1786413444 100.26 25.19 13.02
1786413445 100.26 25.19 13.02
1786413446 92.63 24.85 12.98
1786413447 92.63 24.85 12.98
1786413448 92.63 24.85 12.98
1786413449 92.63 24.85 12.98
1786413450 92.63 24.85 12.98
1786413451 85.62 24.52 12.94
1786413452 85.62 24.52 12.94
1786413453 85.62 24.52 12.94
1786413454 85.62 24.52 12.94
1786413455 85.62 24.52 12.94
1786413456 79.96 24.36 12.95
1786413457 79.96 24.36 12.95
1786413458 79.96 24.36 12.95
1786413459 79.96 24.36 12.95
1786413460 79.96 24.36 12.95
1786413461 73.88 24.03 12.90
1786413462 73.88 24.03 12.90
1786413463 73.88 24.03 12.90
1786413464 73.88 24.03 12.90
1786413465 73.88 24.03 12.90
1786413466 68.68 23.78 12.88
1786413467 68.68 23.78 12.88
1786413468 68.68 23.78 12.88
1786413469 68.68 23.78 12.88
1786413470 68.68 23.78 12.88
1786413471 63.66 23.48 12.84
1786413472 63.66 23.48 12.84
1786413473 63.66 23.48 12.84
1786413474 63.66 23.48 12.84
1786413475 63.66 23.48 12.84
1786413476 86.99 28.99 14.68
1786413477 86.99 28.99 14.68
1786413478 86.99 28.99 14.68
1786413479 86.99 28.99 14.68
1786413480 86.99 28.99 14.68
1786413481 108.29 34.36 16.50
1786413482 108.29 34.36 16.50
1786413483 108.29 34.36 16.50
1786413484 108.29 34.36 16.50
1786413485 108.29 34.36 16.50
1786413486 100.18 33.91 16.45
1786413487 100.18 33.91 16.45
1786413488 100.18 33.91 16.45
1786413489 100.18 33.91 16.45
1786413490 100.18 33.91 16.45
1786413491 103.93 35.79 17.15
1786413492 103.93 35.79 17.15
1786413493 103.93 35.79 17.15
1786413494 103.93 35.79 17.15
1786413495 96.41 35.36 17.11
1786413497 96.41 35.36 17.11
1786413498 96.41 35.36 17.11
1786413499 96.41 35.36 17.11
1786413500 96.41 35.36 17.11
1786413501 89.41 34.92 17.07
1786413502 89.41 34.92 17.07
1786413503 89.41 34.92 17.07
1786413504 89.41 34.92 17.07
1786413505 89.41 34.92 17.07
1786413506 82.57 34.41 17.00
1786413507 82.57 34.41 17.00
1786413508 82.57 34.41 17.00
1786413509 82.57 34.41 17.00
1786413510 82.57 34.41 17.00
1786413511 76.28 33.90 16.93
1786413512 76.28 33.90 16.93
1786413513 76.28 33.90 16.93
1786413514 76.28 33.90 16.93
1786413515 76.28 33.90 16.93
1786413516 70.97 33.51 16.89
1786413517 70.97 33.51 16.89
1786413518 70.97 33.51 16.89
1786413519 70.97 33.51 16.89
1786413520 70.97 33.51 16.89
1786413521 71.53 34.25 17.22
1786413522 71.53 34.25 17.22
1786413523 71.53 34.25 17.22
1786413524 71.53 34.25 17.22
1786413525 71.53 34.25 17.22
1786413526 67.81 34.09 17.26
1786413527 67.81 34.09 17.26
1786413528 67.81 34.09 17.26
1786413529 67.81 34.09 17.26
1786413530 67.81 34.09 17.26
1786413531 62.86 33.62 17.20
1786413532 62.86 33.62 17.20
1786413533 62.86 33.62 17.20
1786413534 62.86 33.62 17.20
1786413535 62.86 33.62 17.20
1786413536 58.06 33.12 17.12
1786413537 58.06 33.12 17.12
