1786415899 122.12 224.27 206.51
1786415900 122.12 224.27 206.51
1786415901 122.12 224.27 206.51
1786415902 122.12 224.27 206.51
1786415903 113.38 220.77 205.47
1786415904 113.38 220.77 205.47
1786415905 113.38 220.77 205.47
1786415906 113.38 220.77 205.47
1786415907 113.38 220.77 205.47
1786415908 104.94 217.23 204.40
1786415909 104.94 217.23 204.40
1786415910 104.94 217.23 204.40
1786415911 104.94 217.23 204.40
1786415912 97.26 213.78 203.35
1786415913 97.26 213.78 203.35
1786415914 97.26 213.78 203.35
1786415915 97.26 213.78 203.35
1786415916 97.26 213.78 203.35
1786415917 100.44 212.50 203.00
1786415918 100.44 212.50 203.00
1786415919 100.44 212.50 203.00
1786415920 100.44 212.50 203.00
1786415921 100.44 212.50 203.00
1786415923 102.49 211.06 202.58
1786415924 102.49 211.06 202.58
1786415925 102.49 211.06 202.58
1786415926 102.49 211.06 202.58
1786415927 102.49 211.06 202.58
1786415928 104.13 209.60 202.16
1786415929 104.13 209.60 202.16
1786415930 104.13 209.60 202.16
1786415931 104.13 209.60 202.16
1786415932 104.13 209.60 202.16
1786415933 109.96 209.06 202.02
1786415934 109.96 209.06 202.02
1786415935 109.96 209.06 202.02
1786415936 109.96 209.06 202.02
1786415937 109.96 209.06 202.02
1786415938 110.53 207.53 201.56
1786415939 110.53 207.53 201.56
1786415940 110.53 207.53 201.56
1786415941 110.53 207.53 201.56
1786415942 110.53 207.53 201.56
1786415943 115.21 206.89 201.39
1786415944 115.21 206.89 201.39
1786415945 115.21 206.89 201.39
1786415946 115.21 206.89 201.39
1786415947 115.21 206.89 201.39
1786415948 117.68 205.88 201.09
1786415949 117.68 205.88 201.09
1786415950 117.68 205.88 201.09
1786415951 117.68 205.88 201.09
1786415952 117.68 205.88 201.09
1786415953 121.95 205.30 200.93
1786415954 121.95 205.30 200.93
1786415955 121.95 205.30 200.93
1786415956 121.95 205.30 200.93
1786415957 121.95 205.30 200.93
1786415958 123.23 204.18 200.59
1786415959 123.23 204.18 200.59
1786415960 123.23 204.18 200.59
1786415961 123.23 204.18 200.59
1786415962 123.23 204.18 200.59
1786415963 127.38 203.70 200.45
1786415964 127.38 203.70 200.45
1786415965 127.38 203.70 200.45
1786415966 127.38 203.70 200.45
1786415967 127.38 203.70 200.45
1786415968 129.27 202.82 200.19
1786415969 129.27 202.82 200.19
1786415970 129.27 202.82 200.19
1786415971 129.27 202.82 200.19
1786415972 129.27 202.82 200.19
1786415973 127.01 201.13 199.65
1786415974 127.01 201.13 199.65
1786415975 127.01 201.13 199.65
1786415976 127.01 201.13 199.65
1786415977 127.01 201.13 199.65
1786415978 126.85 199.87 199.25
1786415979 126.85 199.87 199.25
1786415980 126.85 199.87 199.25
1786415981 126.85 199.87 199.25
1786415982 126.85 199.87 199.25
1786415983 123.97 198.06 198.67
1786415984 123.97 198.06 198.67
1786415985 123.97 198.06 198.67
1786415986 123.97 198.06 198.67
1786415987 123.97 198.06 198.67
1786415988 126.30 197.31 198.43
1786415989 126.30 197.31 198.43
1786415990 126.30 197.31 198.43
1786415991 126.30 197.31 198.43
1786415992 126.30 197.31 198.43
1786415993 125.87 196.05 198.01
1786415994 125.87 196.05 198.01
1786415995 125.87 196.05 198.01
1786415996 125.87 196.05 198.01
1786415997 125.87 196.05 198.01
1786415998 122.12 194.10 197.37
1786415999 122.12 194.10 197.37
1786416000 122.12 194.10 197.37
1786416001 122.12 194.10 197.37
1786416002 122.12 194.10 197.37
1786416003 116.35 191.71 196.58
1786416004 116.35 191.71 196.58
1786416005 116.35 191.71 196.58
1786416006 116.35 191.71 196.58
1786416007 116.35 191.71 196.58
1786416008 111.43 189.44 195.82
1786416009 111.43 189.44 195.82
1786416010 111.43 189.44 195.82
1786416011 111.43 189.44 195.82
1786416012 111.43 189.44 195.82
1786416013 102.67 186.33 194.78
1786416014 102.67 186.33 194.78
1786416015 102.67 186.33 194.78
1786416016 102.67 186.33 194.78
1786416017 102.67 186.33 194.78
1786416018 94.61 183.27 193.74
1786416019 94.61 183.27 193.74
1786416020 94.61 183.27 193.74
1786416021 94.61 183.27 193.74
1786416022 94.61 183.27 193.74
