1786397671 13.96 10.95 12.04
1786397672 13.96 10.95 12.04
1786397673 13.96 10.95 12.04
1786397674 13.00 10.80 11.98
1786397675 13.00 10.80 11.98
1786397676 13.00 10.80 11.98
1786397677 13.00 10.80 11.98
1786397678 13.00 10.80 11.98
1786397679 12.20 10.67 11.93
1786397680 12.20 10.67 11.93
1786397681 12.20 10.67 11.93
1786397682 12.20 10.67 11.93
1786397683 12.20 10.67 11.93
1786397684 11.46 10.54 11.88
1786397685 11.46 10.54 11.88
1786397686 11.46 10.54 11.88
1786397687 11.46 10.54 11.88
1786397688 10.87 10.43 11.84
1786397689 10.87 10.43 11.84
1786397690 10.87 10.43 11.84
1786397691 10.87 10.43 11.84
1786397692 10.87 10.43 11.84
1786397693 10.24 10.31 11.79
1786397694 10.24 10.31 11.79
1786397695 10.24 10.31 11.79
1786397696 10.24 10.31 11.79
1786397697 10.24 10.31 11.79
1786397698 10.14 10.29 11.78
1786397699 10.14 10.29 11.78
1786397700 10.14 10.29 11.78
1786397701 10.14 10.29 11.78
1786397702 10.14 10.29 11.78
1786397703 9.48 10.15 11.73
1786397704 9.48 10.15 11.73
1786397705 9.48 10.15 11.73
1786397706 9.48 10.15 11.73
1786397707 9.48 10.15 11.73
1786397708 14.65 11.21 12.06
1786397709 14.65 11.21 12.06
1786397710 14.65 11.21 12.06
1786397711 14.65 11.21 12.06
1786397712 14.65 11.21 12.06
1786397713 13.88 11.11 12.02
1786397714 13.88 11.11 12.02
1786397715 13.88 11.11 12.02
1786397716 13.88 11.11 12.02
1786397717 13.88 11.11 12.02
1786397718 13.25 11.02 11.99
1786397719 13.25 11.02 11.99
1786397720 13.25 11.02 11.99
1786397721 13.25 11.02 11.99
1786397722 13.25 11.02 11.99
1786397723 20.27 12.52 12.47
1786397724 20.27 12.52 12.47
1786397725 20.27 12.52 12.47
1786397726 20.27 12.52 12.47
1786397727 20.27 12.52 12.47
1786397728 19.13 12.41 12.43
1786397729 19.13 12.41 12.43
1786397730 19.13 12.41 12.43
1786397731 19.13 12.41 12.43
1786397732 19.13 12.41 12.43
1786397733 17.84 12.25 12.38
1786397734 17.84 12.25 12.38
1786397735 17.84 12.25 12.38
1786397736 17.84 12.25 12.38
1786397737 17.84 12.25 12.38
1786397738 16.81 12.13 12.34
1786397739 16.81 12.13 12.34
1786397740 16.81 12.13 12.34
1786397741 16.81 12.13 12.34
1786397742 16.81 12.13 12.34
1786397743 15.70 11.98 12.29
1786397744 15.70 11.98 12.29
1786397745 15.70 11.98 12.29
1786397746 15.70 11.98 12.29
1786397747 15.70 11.98 12.29
1786397748 23.10 13.57 12.81
1786397749 23.10 13.57 12.81
1786397750 23.10 13.57 12.81
1786397751 23.10 13.57 12.81
