1786306191 90.64 98.02 64.08
1786306192 90.64 98.02 64.08
1786306193 90.64 98.02 64.08
1786306194 90.64 98.02 64.08
1786306195 90.64 98.02 64.08
1786306196 83.54 96.43 63.75
1786306197 83.54 96.43 63.75
1786306198 83.54 96.43 63.75
1786306199 83.54 96.43 63.75
1786306200 83.54 96.43 63.75
1786306201 77.09 94.88 63.42
1786306202 77.09 94.88 63.42
1786306203 77.09 94.88 63.42
1786306204 77.09 94.88 63.42
1786306205 77.09 94.88 63.42
1786306206 79.00 94.98 63.62
1786306207 79.00 94.98 63.62
1786306208 79.00 94.98 63.62
1786306209 79.00 94.98 63.62
1786306210 79.00 94.98 63.62
1786306211 80.68 95.06 63.82
1786306212 80.68 95.06 63.82
1786306213 80.68 95.06 63.82
1786306214 80.68 95.06 63.82
1786306215 80.68 95.06 63.82
1786306216 90.24 96.81 64.55
1786306217 90.24 96.81 64.55
1786306218 90.24 96.81 64.55
1786306219 90.24 96.81 64.55
1786306220 90.24 96.81 64.55
1786306221 91.02 96.86 64.74
1786306222 91.02 96.86 64.74
1786306223 91.02 96.86 64.74
1786306224 91.02 96.86 64.74
1786306225 91.02 96.86 64.74
1786306226 83.97 95.30 64.41
1786306227 83.97 95.30 64.41
1786306228 83.97 95.30 64.41
1786306229 83.97 95.30 64.41
1786306230 83.97 95.30 64.41
1786306231 85.26 95.38 64.60
1786306232 85.26 95.38 64.60
1786306233 85.26 95.38 64.60
1786306234 85.26 95.38 64.60
1786306235 85.26 95.38 64.60
1786306236 86.60 95.49 64.80
1786306237 86.60 95.49 64.80
1786306238 86.60 95.49 64.80
1786306239 86.60 95.49 64.80
1786306240 86.60 95.49 64.80
1786306241 87.75 95.58 65.00
1786306242 87.75 95.58 65.00
1786306243 87.75 95.58 65.00
1786306244 87.75 95.58 65.00
1786306245 87.75 95.58 65.00
1786306246 88.81 95.67 65.19
1786306247 88.81 95.67 65.19
1786306248 88.81 95.67 65.19
1786306249 88.81 95.67 65.19
1786306250 88.81 95.67 65.19
1786306251 90.27 95.86 65.42
1786306252 90.27 95.86 65.42
1786306253 90.27 95.86 65.42
1786306254 90.27 95.86 65.42
1786306255 90.27 95.86 65.42
1786306256 98.98 97.57 66.13
1786306257 98.98 97.57 66.13
1786306258 98.98 97.57 66.13
1786306259 98.98 97.57 66.13
1786306260 98.98 97.57 66.13
1786306261 104.18 98.68 66.66
1786306262 104.18 98.68 66.66
1786306263 104.18 98.68 66.66
1786306264 104.18 98.68 66.66
1786306265 104.18 98.68 66.66
1786306266 111.78 100.34 67.37
1786306267 111.78 100.34 67.37
1786306268 111.78 100.34 67.37
1786306269 111.78 100.34 67.37
1786306270 103.06 98.73 67.02
1786306271 103.06 98.73 67.02
1786306272 103.06 98.73 67.02
1786306273 103.06 98.73 67.02
1786306274 103.06 98.73 67.02
1786306275 102.82 98.75 67.20
1786306276 102.82 98.75 67.20
1786306277 102.82 98.75 67.20
1786306278 102.82 98.75 67.20
1786306279 102.82 98.75 67.20
1786306280 102.83 98.82 67.39
1786306281 102.83 98.82 67.39
1786306282 102.83 98.82 67.39
1786306283 102.83 98.82 67.39
1786306284 102.83 98.82 67.39
1786306285 102.61 98.84 67.57
1786306286 102.61 98.84 67.57
1786306287 102.61 98.84 67.57
1786306288 102.61 98.84 67.57
1786306289 102.61 98.84 67.57
1786306290 110.41 100.52 68.28
1786306291 110.41 100.52 68.28
1786306292 110.41 100.52 68.28
1786306294 110.41 100.52 68.28
1786306295 110.41 100.52 68.28
1786306296 103.33 99.21 68.03
1786306297 103.33 99.21 68.03
1786306298 103.33 99.21 68.03
1786306299 103.33 99.21 68.03
1786306300 103.33 99.21 68.03
1786306301 110.99 100.87 68.73
1786306302 110.99 100.87 68.73
1786306303 110.99 100.87 68.73
1786306304 110.99 100.87 68.73
1786306305 110.99 100.87 68.73
1786306306 110.19 100.87 68.91
1786306307 110.19 100.87 68.91
1786306308 110.19 100.87 68.91
1786306309 110.19 100.87 68.91
1786306310 110.19 100.87 68.91
1786306311 109.45 100.88 69.08
1786306312 109.45 100.88 69.08
1786306313 109.45 100.88 69.08
1786306314 109.45 100.88 69.08
1786306315 109.45 100.88 69.08
1786306316 108.77 100.88 69.25
1786306317 108.77 100.88 69.25
1786306318 108.77 100.88 69.25
1786306319 108.77 100.88 69.25
1786306320 108.77 100.88 69.25
1786306321 115.92 102.49 69.94
1786306322 115.92 102.49 69.94
1786306323 115.92 102.49 69.94
1786306324 115.92 102.49 69.94
1786306325 115.92 102.49 69.94
1786306326 114.64 102.45 70.11
1786306327 114.64 102.45 70.11
1786306328 114.64 102.45 70.11
1786306329 114.64 102.45 70.11
1786306330 114.64 102.45 70.11
1786306331 121.40 104.05 70.80
1786306332 121.40 104.05 70.80
1786306333 121.40 104.05 70.80
1786306334 121.40 104.05 70.80
1786306335 121.40 104.05 70.80
1786306336 119.69 103.99 70.96
1786306337 119.69 103.99 70.96
1786306338 119.69 103.99 70.96
1786306339 119.69 103.99 70.96
1786306340 119.69 103.99 70.96
1786306341 126.04 105.56 71.64
1786306342 126.04 105.56 71.64
1786306343 126.04 105.56 71.64
1786306344 126.04 105.56 71.64
1786306345 126.04 105.56 71.64
1786306346 125.31 105.75 71.89
1786306347 125.31 105.75 71.89
1786306348 125.31 105.75 71.89
1786306349 125.31 105.75 71.89
1786306350 125.31 105.75 71.89
1786306351 131.21 107.30 72.57
1786306352 131.21 107.30 72.57
1786306353 131.21 107.30 72.57
1786306354 131.21 107.30 72.57
1786306355 131.21 107.30 72.57
1786306356 128.95 107.23 72.73
1786306357 128.95 107.23 72.73
1786306358 128.95 107.23 72.73
1786306359 128.95 107.23 72.73
1786306360 128.95 107.23 72.73
1786306361 134.56 108.75 73.41
1786306362 134.56 108.75 73.41
1786306363 134.56 108.75 73.41
1786306364 134.56 108.75 73.41
1786306365 134.56 108.75 73.41
1786306366 131.80 108.61 73.56
1786306367 131.80 108.61 73.56
1786306368 131.80 108.61 73.56
1786306369 131.80 108.61 73.56
1786306370 131.80 108.61 73.56
1786306371 129.49 108.51 73.71
1786306372 129.49 108.51 73.71
1786306373 129.49 108.51 73.71
1786306374 129.49 108.51 73.71
1786306375 129.49 108.51 73.71
1786306376 135.06 110.02 74.39
1786306377 135.06 110.02 74.39
1786306378 135.06 110.02 74.39
1786306379 135.06 110.02 74.39
1786306380 135.06 110.02 74.39
1786306381 132.49 109.90 74.54
1786306382 132.49 109.90 74.54
1786306383 132.49 109.90 74.54
1786306384 132.49 109.90 74.54
1786306385 132.49 109.90 74.54
1786306386 129.97 109.75 74.68
1786306387 129.97 109.75 74.68
1786306388 129.97 109.75 74.68
1786306389 129.97 109.75 74.68
1786306390 129.97 109.75 74.68
1786306391 135.58 111.25 75.36
1786306392 135.58 111.25 75.36
1786306393 135.58 111.25 75.36
1786306394 135.58 111.25 75.36
1786306395 135.58 111.25 75.36
1786306396 132.73 111.06 75.49
1786306397 132.73 111.06 75.49
1786306398 132.73 111.06 75.49
1786306399 132.73 111.06 75.49
1786306400 132.73 111.06 75.49
1786306401 130.27 110.91 75.63
1786306402 130.27 110.91 75.63
1786306403 130.27 110.91 75.63
1786306404 130.27 110.91 75.63
1786306405 130.27 110.91 75.63
1786306406 135.77 112.38 76.30
1786306407 135.77 112.38 76.30
1786306408 135.77 112.38 76.30
1786306409 135.77 112.38 76.30
1786306410 135.77 112.38 76.30
1786306411 140.75 113.80 76.95
1786306412 140.75 113.80 76.95
1786306413 140.75 113.80 76.95
1786306414 140.75 113.80 76.95
1786306415 140.75 113.80 76.95
1786306416 137.57 113.58 77.08
1786306417 137.57 113.58 77.08
1786306418 137.57 113.58 77.08
1786306419 137.57 113.58 77.08
1786306420 137.57 113.58 77.08
1786306421 127.11 111.81 76.70
1786306422 127.11 111.81 76.70
1786306423 127.11 111.81 76.70
1786306424 127.11 111.81 76.70
1786306425 125.02 111.64 76.83
1786306426 125.02 111.64 76.83
1786306427 125.02 111.64 76.83
1786306429 125.02 111.64 76.83
1786306430 125.02 111.64 76.83
1786306431 123.02 111.44 76.96
1786306432 123.02 111.44 76.96
1786306433 123.02 111.44 76.96
1786306434 123.02 111.44 76.96
1786306435 123.02 111.44 76.96
1786306436 129.10 112.90 77.61
1786306437 129.10 112.90 77.61
1786306438 129.10 112.90 77.61
1786306439 129.10 112.90 77.61
1786306440 129.10 112.90 77.61
1786306441 134.22 114.23 78.23
1786306442 134.22 114.23 78.23
1786306443 134.22 114.23 78.23
1786306444 134.22 114.23 78.23
1786306445 134.22 114.23 78.23
1786306446 139.49 115.65 78.89
1786306447 139.49 115.65 78.89
1786306448 139.49 115.65 78.89
1786306449 139.49 115.65 78.89
1786306450 139.49 115.65 78.89
1786306451 144.25 117.03 79.53
1786306452 144.25 117.03 79.53
1786306453 144.25 117.03 79.53
1786306454 144.25 117.03 79.53
1786306455 144.25 117.03 79.53
1786306456 140.71 116.75 79.64
1786306457 140.71 116.75 79.64
1786306458 140.71 116.75 79.64
1786306459 140.71 116.75 79.64
1786306460 140.71 116.75 79.64
1786306461 137.45 116.47 79.75
1786306462 137.45 116.47 79.75
1786306463 137.45 116.47 79.75
1786306464 137.45 116.47 79.75
1786306465 137.45 116.47 79.75
1786306466 142.46 117.86 80.40
1786306467 142.46 117.86 80.40
1786306468 142.46 117.86 80.40
1786306469 142.46 117.86 80.40
1786306470 142.46 117.86 80.40
1786306471 131.29 115.95 79.98
1786306472 131.29 115.95 79.98
1786306473 131.29 115.95 79.98
1786306474 131.29 115.95 79.98
1786306475 131.29 115.95 79.98
1786306476 128.95 115.72 80.10
1786306477 128.95 115.72 80.10
1786306478 128.95 115.72 80.10
1786306479 128.95 115.72 80.10
1786306480 128.95 115.72 80.10
1786306481 126.95 115.52 80.23
1786306482 126.95 115.52 80.23
1786306483 126.95 115.52 80.23
1786306484 126.95 115.52 80.23
1786306485 126.95 115.52 80.23
1786306486 132.80 116.93 80.87
1786306487 132.80 116.93 80.87
1786306488 132.80 116.93 80.87
1786306489 132.80 116.93 80.87
1786306490 132.80 116.93 80.87
1786306491 138.02 118.27 81.50
1786306492 138.02 118.27 81.50
1786306493 138.02 118.27 81.50
1786306494 138.02 118.27 81.50
1786306495 138.02 118.27 81.50
1786306496 135.93 118.17 81.67
1786306497 135.93 118.17 81.67
1786306498 135.93 118.17 81.67
1786306499 135.93 118.17 81.67
1786306500 135.93 118.17 81.67
1786306501 133.06 117.87 81.77
1786306502 133.06 117.87 81.77
1786306503 133.06 117.87 81.77
1786306504 133.06 117.87 81.77
1786306505 133.06 117.87 81.77
1786306506 130.49 117.59 81.87
1786306507 130.49 117.59 81.87
1786306508 130.49 117.59 81.87
1786306509 130.49 117.59 81.87
1786306510 130.49 117.59 81.87
1786306511 136.38 119.02 82.53
1786306512 136.38 119.02 82.53
1786306513 136.38 119.02 82.53
1786306514 136.38 119.02 82.53
1786306515 136.38 119.02 82.53
1786306516 141.31 120.33 83.15
1786306517 141.31 120.33 83.15
1786306518 141.31 120.33 83.15
1786306519 141.31 120.33 83.15
1786306520 141.31 120.33 83.15
1786306521 138.00 120.00 83.24
1786306522 138.00 120.00 83.24
1786306523 138.00 120.00 83.24
1786306524 138.00 120.00 83.24
1786306525 138.00 120.00 83.24
1786306526 135.28 119.73 83.35
1786306527 135.28 119.73 83.35
1786306528 135.28 119.73 83.35
1786306529 135.28 119.73 83.35
1786306530 135.28 119.73 83.35
1786306531 132.45 119.40 83.44
1786306532 132.45 119.40 83.44
1786306533 132.45 119.40 83.44
1786306534 132.45 119.40 83.44
1786306535 132.45 119.40 83.44
1786306536 129.94 119.10 83.53
1786306537 129.94 119.10 83.53
1786306538 129.94 119.10 83.53
1786306539 129.94 119.10 83.53
1786306540 129.94 119.10 83.53
1786306541 127.62 118.80 83.63
1786306542 127.62 118.80 83.63
