1786409663 14.05 21.73 55.01
1786409664 14.05 21.73 55.01
1786409665 14.05 21.73 55.01
1786409666 14.05 21.73 55.01
1786409667 14.05 21.73 55.01
1786409668 13.32 21.45 54.74
1786409669 13.32 21.45 54.74
1786409670 13.32 21.45 54.74
1786409671 13.32 21.45 54.74
1786409672 13.32 21.45 54.74
1786409673 12.58 21.16 54.47
1786409674 12.58 21.16 54.47
1786409675 12.58 21.16 54.47
1786409676 12.58 21.16 54.47
1786409677 12.58 21.16 54.47
1786409678 11.89 20.87 54.20
1786409679 11.89 20.87 54.20
1786409680 11.89 20.87 54.20
1786409681 11.89 20.87 54.20
1786409682 11.89 20.87 54.20
1786409683 38.08 26.15 55.73
1786409684 38.08 26.15 55.73
1786409685 38.08 26.15 55.73
1786409686 38.08 26.15 55.73
1786409687 38.08 26.15 55.73
1786409688 64.50 31.83 57.40
1786409689 64.50 31.83 57.40
1786409690 64.50 31.83 57.40
1786409691 64.50 31.83 57.40
1786409692 64.50 31.83 57.40
1786409693 95.53 38.81 59.52
1786409694 95.53 38.81 59.52
1786409695 95.53 38.81 59.52
1786409696 95.53 38.81 59.52
1786409697 95.53 38.81 59.52
1786409698 123.92 45.63 61.62
1786409699 123.92 45.63 61.62
1786409700 123.92 45.63 61.62
1786409701 123.92 45.63 61.62
1786409702 123.92 45.63 61.62
1786409703 149.71 52.28 63.69
1786409704 149.71 52.28 63.69
1786409705 149.71 52.28 63.69
1786409706 149.71 52.28 63.69
1786409707 149.71 52.28 63.69
1786409708 138.36 51.54 63.39
1786409709 138.36 51.54 63.39
1786409710 138.36 51.54 63.39
1786409711 138.36 51.54 63.39
1786409712 138.36 51.54 63.39
1786409713 128.08 50.85 63.10
1786409714 128.08 50.85 63.10
1786409715 128.08 50.85 63.10
1786409716 128.08 50.85 63.10
1786409717 118.39 50.13 62.80
1786409718 118.39 50.13 62.80
1786409719 118.39 50.13 62.80
1786409720 118.39 50.13 62.80
1786409722 118.39 50.13 62.80
1786409723 116.67 50.90 62.98
1786409724 116.67 50.90 62.98
1786409725 116.67 50.90 62.98
1786409726 116.67 50.90 62.98
1786409727 116.67 50.90 62.98
1786409728 107.89 50.17 62.68
1786409729 107.89 50.17 62.68
1786409730 107.89 50.17 62.68
1786409731 107.89 50.17 62.68
1786409732 107.89 50.17 62.68
1786409733 110.54 51.68 63.10
1786409734 110.54 51.68 63.10
1786409735 110.54 51.68 63.10
1786409736 110.54 51.68 63.10
1786409737 110.54 51.68 63.10
1786409738 120.11 54.64 64.00
1786409739 120.11 54.64 64.00
1786409740 120.11 54.64 64.00
1786409741 120.11 54.64 64.00
1786409742 120.11 54.64 64.00
1786409743 126.91 57.14 64.76
1786409744 126.91 57.14 64.76
1786409745 126.91 57.14 64.76
1786409746 126.91 57.14 64.76
1786409747 126.91 57.14 64.76
1786409748 127.16 58.35 65.11
1786409749 127.16 58.35 65.11
1786409750 127.16 58.35 65.11
1786409751 127.16 58.35 65.11
1786409752 127.16 58.35 65.11
1786409753 117.53 57.50 64.79
1786409754 117.53 57.50 64.79
1786409755 117.53 57.50 64.79
1786409756 117.53 57.50 64.79
1786409757 117.53 57.50 64.79
1786409758 108.68 56.66 64.48
1786409759 108.68 56.66 64.48
1786409760 108.68 56.66 64.48
1786409761 108.68 56.66 64.48
1786409762 108.68 56.66 64.48
1786409763 100.94 55.92 64.20
1786409764 100.94 55.92 64.20
1786409765 100.94 55.92 64.20
1786409766 100.94 55.92 64.20
1786409767 100.94 55.92 64.20
1786409768 93.26 55.07 63.88
1786409769 93.26 55.07 63.88
1786409770 93.26 55.07 63.88
1786409771 93.26 55.07 63.88
1786409772 93.26 55.07 63.88
1786409773 95.88 56.25 64.22
1786409774 95.88 56.25 64.22
1786409775 95.88 56.25 64.22
1786409776 95.88 56.25 64.22
1786409777 95.88 56.25 64.22
1786409778 120.63 62.04 66.05
1786409779 120.63 62.04 66.05
1786409780 120.63 62.04 66.05
1786409781 120.63 62.04 66.05
1786409782 120.63 62.04 66.05
1786409783 121.54 63.20 66.40
1786409784 121.54 63.20 66.40
1786409785 121.54 63.20 66.40
1786409786 121.54 63.20 66.40
1786409787 121.54 63.20 66.40
1786409788 112.21 62.23 66.07
1786409789 112.21 62.23 66.07
1786409790 112.21 62.23 66.07
1786409791 112.21 62.23 66.07
1786409793 112.21 62.23 66.07
1786409794 103.78 61.32 65.75
1786409795 103.78 61.32 65.75
1786409796 103.78 61.32 65.75
1786409797 103.78 61.32 65.75
1786409798 96.03 60.42 65.44
1786409799 96.03 60.42 65.44
1786409800 96.03 60.42 65.44
1786409801 96.03 60.42 65.44
1786409802 96.03 60.42 65.44
1786409803 88.98 59.55 65.13
1786409804 88.98 59.55 65.13
1786409805 88.98 59.55 65.13
1786409806 88.98 59.55 65.13
1786409807 88.98 59.55 65.13
1786409808 82.26 58.64 64.81
1786409809 82.26 58.64 64.81
1786409810 82.26 58.64 64.81
1786409811 82.26 58.64 64.81
1786409812 82.26 58.64 64.81
1786409813 76.15 57.77 64.49
1786409814 76.15 57.77 64.49
1786409815 76.15 57.77 64.49
1786409816 76.15 57.77 64.49
1786409817 76.15 57.77 64.49
1786409818 97.60 62.52 65.99
1786409819 97.60 62.52 65.99
1786409820 97.60 62.52 65.99
1786409821 97.60 62.52 65.99
1786409822 97.60 62.52 65.99
1786409823 100.36 63.67 66.35
1786409824 100.36 63.67 66.35
1786409825 100.36 63.67 66.35
1786409826 100.36 63.67 66.35
1786409827 100.36 63.67 66.35
1786409828 92.80 62.71 66.02
1786409829 92.80 62.71 66.02
1786409830 92.80 62.71 66.02
1786409831 92.80 62.71 66.02
1786409832 92.80 62.71 66.02
1786409833 85.93 61.79 65.71
1786409834 85.93 61.79 65.71
1786409835 85.93 61.79 65.71
1786409836 85.93 61.79 65.71
1786409837 85.93 61.79 65.71
1786409838 79.37 60.83 65.37
1786409839 79.37 60.83 65.37
1786409840 79.37 60.83 65.37
1786409841 79.37 60.83 65.37
1786409842 79.37 60.83 65.37
1786409843 73.25 59.87 65.04
1786409844 73.25 59.87 65.04
1786409845 73.25 59.87 65.04
1786409846 73.25 59.87 65.04
1786409847 73.25 59.87 65.04
