1786312330 23.86 216.51 309.12
1786312331 22.19 212.96 307.47
1786312332 22.19 212.96 307.47
1786312333 22.19 212.96 307.47
1786312334 22.19 212.96 307.47
1786312335 22.19 212.96 307.47
1786312336 20.49 209.44 305.83
1786312337 20.49 209.44 305.83
1786312338 20.49 209.44 305.83
1786312339 20.49 209.44 305.83
1786312340 20.49 209.44 305.83
1786312341 18.93 205.98 304.19
1786312342 18.93 205.98 304.19
1786312343 18.93 205.98 304.19
1786312344 18.93 205.98 304.19
1786312345 18.93 205.98 304.19
1786312346 17.41 202.56 302.56
1786312347 17.41 202.56 302.56
1786312348 17.41 202.56 302.56
1786312349 17.41 202.56 302.56
1786312350 17.41 202.56 302.56
1786312351 16.10 199.22 300.94
1786312352 16.10 199.22 300.94
1786312353 16.10 199.22 300.94
1786312354 16.10 199.22 300.94
1786312355 16.10 199.22 300.94
1786312356 15.05 195.96 299.33
1786312357 15.05 195.96 299.33
1786312358 15.05 195.96 299.33
1786312359 15.05 195.96 299.33
1786312360 15.05 195.96 299.33
1786312361 18.81 193.73 298.06
1786312362 18.81 193.73 298.06
1786312363 18.81 193.73 298.06
1786312364 18.81 193.73 298.06
1786312365 18.81 193.73 298.06
1786312366 17.46 190.55 296.47
1786312367 17.46 190.55 296.47
1786312368 17.46 190.55 296.47
1786312369 17.46 190.55 296.47
1786312370 17.46 190.55 296.47
1786312371 16.22 187.42 294.89
1786312372 16.22 187.42 294.89
1786312373 16.22 187.42 294.89
1786312374 16.22 187.42 294.89
1786312375 16.22 187.42 294.89
1786312376 15.00 184.33 293.31
1786312377 15.00 184.33 293.31
1786312378 15.00 184.33 293.31
1786312379 15.00 184.33 293.31
1786312380 13.88 181.28 291.74
1786312381 13.88 181.28 291.74
1786312382 13.88 181.28 291.74
1786312383 13.88 181.28 291.74
1786312384 13.88 181.28 291.74
1786312385 12.85 178.29 290.18
1786312386 12.85 178.29 290.18
1786312387 12.85 178.29 290.18
1786312388 12.85 178.29 290.18
1786312389 12.85 178.29 290.18
1786312390 12.06 175.38 288.63
1786312391 12.06 175.38 288.63
1786312392 12.06 175.38 288.63
1786312393 12.06 175.38 288.63
1786312394 12.06 175.38 288.63
1786312395 11.58 172.57 287.12
1786312396 11.58 172.57 287.12
1786312397 11.58 172.57 287.12
1786312398 11.58 172.57 287.12
1786312399 11.58 172.57 287.12
1786312400 10.65 169.70 285.57
1786312401 10.65 169.70 285.57
1786312402 10.65 169.70 285.57
1786312403 10.65 169.70 285.57
1786312404 10.65 169.70 285.57
1786312405 9.96 166.92 284.05
1786312406 9.96 166.92 284.05
1786312407 9.96 166.92 284.05
1786312408 9.96 166.92 284.05
1786312409 9.96 166.92 284.05
1786312410 9.24 164.16 282.53
1786312411 9.24 164.16 282.53
1786312412 9.24 164.16 282.53
1786312413 9.24 164.16 282.53
1786312414 9.24 164.16 282.53
1786312415 8.82 161.50 281.03
1786312416 8.82 161.50 281.03
1786312417 8.82 161.50 281.03
1786312418 8.82 161.50 281.03
1786312420 8.82 161.50 281.03
1786312421 8.43 158.89 279.55
1786312422 8.43 158.89 279.55
1786312423 8.43 158.89 279.55
1786312424 8.43 158.89 279.55
1786312425 8.43 158.89 279.55
1786312426 23.69 159.55 279.11
1786312427 23.69 159.55 279.11
1786312428 23.69 159.55 279.11
1786312429 23.69 159.55 279.11
1786312430 23.69 159.55 279.11
1786312431 21.88 156.92 277.62
1786312432 21.88 156.92 277.62
1786312433 21.88 156.92 277.62
1786312434 21.88 156.92 277.62
1786312435 21.88 156.92 277.62
1786312436 20.28 154.35 276.14
1786312437 20.28 154.35 276.14
1786312438 20.28 154.35 276.14
1786312439 20.28 154.35 276.14
1786312440 20.28 154.35 276.14
1786312441 18.90 151.84 274.67
1786312442 18.90 151.84 274.67
1786312443 18.90 151.84 274.67
1786312444 18.90 151.84 274.67
1786312445 18.90 151.84 274.67
1786312446 17.63 149.37 273.21
1786312447 17.63 149.37 273.21
1786312448 17.63 149.37 273.21
1786312449 17.63 149.37 273.21
1786312450 17.63 149.37 273.21
1786312451 16.37 146.92 271.75
1786312452 16.37 146.92 271.75
1786312453 16.37 146.92 271.75
1786312454 16.37 146.92 271.75
1786312455 16.37 146.92 271.75
1786312456 15.22 144.51 270.31
1786312457 15.22 144.51 270.31
1786312458 15.22 144.51 270.31
1786312459 15.22 144.51 270.31
1786312460 15.22 144.51 270.31
1786312461 14.08 142.13 268.86
1786312462 14.08 142.13 268.86
1786312463 14.08 142.13 268.86
1786312464 14.08 142.13 268.86
1786312465 14.08 142.13 268.86
1786312466 13.20 139.82 267.43
1786312467 13.20 139.82 267.43
1786312468 13.20 139.82 267.43
1786312469 13.20 139.82 267.43
1786312470 13.20 139.82 267.43
1786312471 12.30 137.53 266.00
1786312472 12.30 137.53 266.00
1786312473 12.30 137.53 266.00
1786312474 12.30 137.53 266.00
1786312475 12.30 137.53 266.00
1786312476 11.63 135.31 264.60
1786312477 11.63 135.31 264.60
1786312478 11.63 135.31 264.60
1786312479 11.63 135.31 264.60
1786312480 11.63 135.31 264.60
1786312481 10.78 133.08 263.18
1786312482 10.78 133.08 263.18
1786312483 10.78 133.08 263.18
1786312484 10.78 133.08 263.18
1786312485 10.78 133.08 263.18
1786312486 10.16 130.92 261.78
1786312487 10.16 130.92 261.78
1786312488 10.16 130.92 261.78
1786312489 10.16 130.92 261.78
1786312490 10.16 130.92 261.78
1786312491 9.43 128.77 260.38
1786312492 9.43 128.77 260.38
1786312493 9.43 128.77 260.38
1786312494 9.43 128.77 260.38
1786312495 9.43 128.77 260.38
1786312496 8.83 126.66 258.99
1786312497 8.83 126.66 258.99
1786312498 8.83 126.66 258.99
1786312499 8.83 126.66 258.99
1786312500 8.83 126.66 258.99
1786312501 8.20 124.58 257.61
1786312502 8.20 124.58 257.61
1786312503 8.20 124.58 257.61
1786312504 8.20 124.58 257.61
1786312505 8.20 124.58 257.61
1786312506 23.64 125.85 257.30
1786312507 23.64 125.85 257.30
1786312508 23.64 125.85 257.30
1786312509 23.64 125.85 257.30
1786312510 23.64 125.85 257.30
1786312511 37.76 127.08 257.00
1786312512 37.76 127.08 257.00
1786312513 37.76 127.08 257.00
1786312514 37.76 127.08 257.00
1786312515 37.76 127.08 257.00
1786312516 40.51 126.16 256.00
1786312517 40.51 126.16 256.00
1786312518 40.51 126.16 256.00
1786312519 40.51 126.16 256.00
1786312520 40.51 126.16 256.00
1786312521 37.50 124.12 254.64
1786312522 37.50 124.12 254.64
1786312523 37.50 124.12 254.64
1786312524 37.50 124.12 254.64
1786312525 37.50 124.12 254.64
1786312526 41.47 123.50 253.74
1786312527 41.47 123.50 253.74
1786312528 41.47 123.50 253.74
1786312529 41.47 123.50 253.74
1786312530 41.47 123.50 253.74
1786312531 38.23 121.47 252.38
1786312532 38.23 121.47 252.38
1786312533 38.23 121.47 252.38
1786312534 38.23 121.47 252.38
1786312535 38.23 121.47 252.38
1786312536 35.32 119.48 251.04
1786312537 35.32 119.48 251.04
1786312538 35.32 119.48 251.04
1786312539 35.32 119.48 251.04
1786312540 32.66 117.53 249.70
1786312541 32.66 117.53 249.70
1786312542 32.66 117.53 249.70
1786312543 32.66 117.53 249.70
1786312544 32.66 117.53 249.70
1786312545 30.12 115.60 248.37
1786312546 30.12 115.60 248.37
1786312547 30.12 115.60 248.37
1786312548 30.12 115.60 248.37
1786312549 30.12 115.60 248.37
1786312550 27.79 113.69 247.04
1786312551 27.79 113.69 247.04
1786312552 27.79 113.69 247.04
1786312553 27.79 113.69 247.04
1786312554 27.79 113.69 247.04
1786312555 26.12 111.92 245.75
1786312556 26.12 111.92 245.75
1786312557 26.12 111.92 245.75
1786312558 26.12 111.92 245.75
1786312559 26.12 111.92 245.75
1786312560 24.11 110.08 244.43
1786312562 24.11 110.08 244.43
1786312563 24.11 110.08 244.43
1786312564 24.11 110.08 244.43
1786312565 24.11 110.08 244.43
1786312566 22.50 108.32 243.14
1786312567 22.50 108.32 243.14
1786312568 22.50 108.32 243.14
1786312569 22.50 108.32 243.14
1786312570 22.50 108.32 243.14
1786312571 20.94 106.57 241.85
1786312572 20.94 106.57 241.85
1786312573 20.94 106.57 241.85
1786312574 20.94 106.57 241.85
1786312575 20.94 106.57 241.85
1786312576 19.50 104.85 240.57
1786312577 19.50 104.85 240.57
1786312578 19.50 104.85 240.57
1786312579 19.50 104.85 240.57
1786312580 19.50 104.85 240.57
1786312581 18.02 103.13 239.28
1786312582 18.02 103.13 239.28
1786312583 18.02 103.13 239.28
1786312584 18.02 103.13 239.28
1786312585 18.02 103.13 239.28
1786312586 16.82 101.47 238.01
1786312587 16.82 101.47 238.01
1786312588 16.82 101.47 238.01
1786312589 16.82 101.47 238.01
1786312590 16.82 101.47 238.01
1786312591 15.79 99.85 236.75
1786312592 15.79 99.85 236.75
1786312593 15.79 99.85 236.75
1786312594 15.79 99.85 236.75
1786312595 15.79 99.85 236.75
1786312596 14.61 98.21 235.49
1786312597 14.61 98.21 235.49
1786312598 14.61 98.21 235.49
1786312599 14.61 98.21 235.49
1786312600 14.61 98.21 235.49
1786312601 13.60 96.61 234.23
1786312602 13.60 96.61 234.23
1786312603 13.60 96.61 234.23
1786312604 13.60 96.61 234.23
1786312605 13.60 96.61 234.23
1786312606 12.59 95.02 232.98
1786312607 12.59 95.02 232.98
1786312608 12.59 95.02 232.98
1786312609 12.59 95.02 232.98
1786312610 12.59 95.02 232.98
1786312611 11.74 93.48 231.74
1786312612 11.74 93.48 231.74
1786312613 11.74 93.48 231.74
1786312614 11.74 93.48 231.74
1786312615 11.74 93.48 231.74
1786312616 11.52 92.07 230.54
1786312617 11.52 92.07 230.54
1786312618 11.52 92.07 230.54
1786312619 11.52 92.07 230.54
1786312620 11.52 92.07 230.54
1786312621 10.76 90.58 229.31
1786312622 10.76 90.58 229.31
1786312623 10.76 90.58 229.31
1786312624 10.76 90.58 229.31
1786312625 10.76 90.58 229.31
1786312626 10.22 89.14 228.10
1786312627 10.22 89.14 228.10
1786312628 10.22 89.14 228.10
1786312629 10.22 89.14 228.10
1786312630 10.22 89.14 228.10
1786312631 9.88 87.76 226.91
1786312632 9.88 87.76 226.91
1786312633 9.88 87.76 226.91
1786312634 9.88 87.76 226.91
1786312635 9.88 87.76 226.91
1786312636 9.17 86.32 225.70
1786312637 9.17 86.32 225.70
1786312638 9.17 86.32 225.70
1786312639 9.17 86.32 225.70
1786312640 9.17 86.32 225.70
1786312641 8.67 84.94 224.50
1786312642 8.67 84.94 224.50
1786312643 8.67 84.94 224.50
1786312644 8.67 84.94 224.50
1786312645 8.67 84.94 224.50
1786312646 8.70 83.68 223.34
1786312647 8.70 83.68 223.34
1786312648 8.70 83.68 223.34
1786312649 8.70 83.68 223.34
1786312650 8.70 83.68 223.34
1786312651 8.16 82.32 222.15
1786312652 8.16 82.32 222.15
1786312653 8.16 82.32 222.15
1786312654 8.16 82.32 222.15
1786312655 8.16 82.32 222.15
1786312656 24.89 84.56 222.13
1786312657 24.89 84.56 222.13
1786312658 24.89 84.56 222.13
1786312659 24.89 84.56 222.13
1786312660 24.89 84.56 222.13
1786312661 38.83 86.46 222.00
1786312662 38.83 86.46 222.00
1786312663 38.83 86.46 222.00
1786312664 38.83 86.46 222.00
1786312665 38.83 86.46 222.00
1786312666 35.80 85.04 220.81
1786312667 35.80 85.04 220.81
1786312668 35.80 85.04 220.81
1786312669 35.80 85.04 220.81
1786312670 35.80 85.04 220.81
1786312671 33.09 83.66 219.64
1786312672 33.09 83.66 219.64
1786312673 33.09 83.66 219.64
1786312674 33.09 83.66 219.64
1786312675 33.09 83.66 219.64
1786312676 34.53 83.12 218.73
1786312677 34.53 83.12 218.73
1786312678 34.53 83.12 218.73
1786312679 34.53 83.12 218.73
1786312680 34.53 83.12 218.73
1786312681 32.00 81.79 217.57
1786312682 32.00 81.79 217.57
1786312683 32.00 81.79 217.57
1786312684 32.00 81.79 217.57
1786312685 32.00 81.79 217.57
1786312686 29.52 80.44 216.41
1786312687 29.52 80.44 216.41
1786312688 29.52 80.44 216.41
1786312689 29.52 80.44 216.41
1786312690 29.52 80.44 216.41
1786312691 43.33 82.46 216.33
1786312692 43.33 82.46 216.33
1786312693 43.33 82.46 216.33
1786312694 43.33 82.46 216.33
1786312695 43.33 82.46 216.33
1786312696 40.02 81.13 215.18
1786312697 40.02 81.13 215.18
1786312698 40.02 81.13 215.18
1786312699 40.02 81.13 215.18
1786312700 40.02 81.13 215.18
1786312701 36.98 79.81 214.04
1786312702 36.98 79.81 214.04
1786312703 36.98 79.81 214.04
1786312704 36.98 79.81 214.04
1786312706 34.25 78.54 212.90
1786312707 34.25 78.54 212.90
1786312708 34.25 78.54 212.90
1786312709 34.25 78.54 212.90
1786312710 34.25 78.54 212.90
1786312711 31.75 77.28 211.77
1786312712 31.75 77.28 211.77
1786312713 31.75 77.28 211.77
1786312714 31.75 77.28 211.77
1786312715 31.75 77.28 211.77
1786312716 29.37 76.03 210.65
1786312717 29.37 76.03 210.65
1786312718 29.37 76.03 210.65
1786312719 29.37 76.03 210.65
1786312720 29.37 76.03 210.65
1786312721 43.03 78.09 210.59
1786312722 43.03 78.09 210.59
1786312723 43.03 78.09 210.59
1786312724 43.03 78.09 210.59
1786312725 43.03 78.09 210.59
1786312726 39.75 76.83 209.47
1786312727 39.75 76.83 209.47
1786312728 39.75 76.83 209.47
1786312729 39.75 76.83 209.47
1786312730 39.75 76.83 209.47
1786312731 36.64 75.57 208.35
1786312732 36.64 75.57 208.35
1786312733 36.64 75.57 208.35
1786312734 36.64 75.57 208.35
1786312735 36.64 75.57 208.35
1786312736 34.51 74.48 207.28
1786312737 34.51 74.48 207.28
1786312738 34.51 74.48 207.28
1786312739 34.51 74.48 207.28
1786312740 34.51 74.48 207.28
1786312741 32.23 73.34 206.20
1786312742 32.23 73.34 206.20
1786312743 32.23 73.34 206.20
1786312744 32.23 73.34 206.20
1786312745 32.23 73.34 206.20
1786312746 29.73 72.14 205.10
1786312747 29.73 72.14 205.10
1786312748 29.73 72.14 205.10
1786312749 29.73 72.14 205.10
1786312750 29.73 72.14 205.10
1786312751 27.51 70.98 204.01
1786312752 27.51 70.98 204.01
1786312753 27.51 70.98 204.01
1786312754 27.51 70.98 204.01
1786312755 27.51 70.98 204.01
1786312756 25.70 69.88 202.94
1786312757 25.70 69.88 202.94
1786312758 25.70 69.88 202.94
1786312759 25.70 69.88 202.94
1786312760 25.70 69.88 202.94
1786312761 23.80 68.75 201.86
1786312762 23.80 68.75 201.86
1786312763 23.80 68.75 201.86
1786312764 23.80 68.75 201.86
1786312765 23.80 68.75 201.86
1786312766 22.38 67.71 200.81
1786312767 22.38 67.71 200.81
1786312768 22.38 67.71 200.81
1786312769 22.38 67.71 200.81
1786312770 22.38 67.71 200.81
