1786306543 127.62 118.80 83.63
1786306544 127.62 118.80 83.63
1786306545 127.62 118.80 83.63
1786306546 117.72 116.89 83.20
1786306547 117.72 116.89 83.20
1786306548 117.72 116.89 83.20
1786306549 117.72 116.89 83.20
1786306550 117.72 116.89 83.20
1786306551 108.61 115.02 82.77
1786306552 108.61 115.02 82.77
1786306553 108.61 115.02 82.77
1786306554 108.61 115.02 82.77
1786306555 108.61 115.02 82.77
1786306556 100.72 113.27 82.38
1786306557 100.72 113.27 82.38
1786306558 100.72 113.27 82.38
1786306559 100.72 113.27 82.38
1786306560 100.72 113.27 82.38
1786306561 104.50 113.85 82.74
1786306562 104.50 113.85 82.74
1786306563 104.50 113.85 82.74
1786306564 104.50 113.85 82.74
1786306565 104.50 113.85 82.74
1786306566 111.91 115.23 83.35
1786306567 111.91 115.23 83.35
1786306569 111.91 115.23 83.35
1786306570 111.91 115.23 83.35
1786306571 111.91 115.23 83.35
1786306572 111.28 115.04 83.46
1786306573 111.28 115.04 83.46
1786306574 111.28 115.04 83.46
1786306575 111.28 115.04 83.46
1786306576 111.28 115.04 83.46
1786306577 112.93 115.32 83.72
1786306578 112.93 115.32 83.72
1786306579 112.93 115.32 83.72
1786306580 112.93 115.32 83.72
1786306581 108.06 114.27 83.55
1786306582 108.06 114.27 83.55
1786306583 108.06 114.27 83.55
1786306584 108.06 114.27 83.55
1786306585 108.06 114.27 83.55
1786306586 103.97 113.32 83.41
1786306587 103.97 113.32 83.41
1786306588 103.97 113.32 83.41
1786306589 103.97 113.32 83.41
1786306590 103.97 113.32 83.41
1786306591 110.22 114.46 83.94
1786306592 110.22 114.46 83.94
1786306593 110.22 114.46 83.94
1786306594 110.22 114.46 83.94
1786306595 110.22 114.46 83.94
1786306596 109.72 114.29 84.05
1786306597 109.72 114.29 84.05
1786306598 109.72 114.29 84.05
1786306599 109.72 114.29 84.05
1786306600 109.72 114.29 84.05
1786306601 113.10 114.91 84.41
1786306602 113.10 114.91 84.41
1786306603 113.10 114.91 84.41
1786306604 113.10 114.91 84.41
1786306605 113.10 114.91 84.41
1786306606 115.90 115.46 84.75
1786306607 115.90 115.46 84.75
1786306608 115.90 115.46 84.75
1786306609 115.90 115.46 84.75
1786306610 115.90 115.46 84.75
1786306611 110.78 114.41 84.58
1786306612 110.78 114.41 84.58
1786306613 110.78 114.41 84.58
1786306614 110.78 114.41 84.58
1786306615 110.78 114.41 84.58
1786306616 113.44 114.90 84.90
1786306617 113.44 114.90 84.90
1786306618 113.44 114.90 84.90
1786306619 113.44 114.90 84.90
1786306620 113.44 114.90 84.90
1786306621 118.29 115.88 85.37
1786306622 118.29 115.88 85.37
1786306623 118.29 115.88 85.37
1786306624 118.29 115.88 85.37
1786306625 118.29 115.88 85.37
1786306626 116.91 115.64 85.46
1786306627 116.91 115.64 85.46
1786306628 116.91 115.64 85.46
1786306629 116.91 115.64 85.46
1786306630 116.91 115.64 85.46
1786306631 115.79 115.43 85.55
1786306632 115.79 115.43 85.55
1786306633 115.79 115.43 85.55
1786306634 115.79 115.43 85.55
1786306635 115.79 115.43 85.55
1786306636 114.61 115.19 85.64
1786306637 114.61 115.19 85.64
1786306638 114.61 115.19 85.64
1786306639 114.61 115.19 85.64
1786306640 114.61 115.19 85.64
1786306641 113.52 114.95 85.72
1786306642 113.52 114.95 85.72
1786306643 113.52 114.95 85.72
1786306644 113.52 114.95 85.72
1786306645 113.52 114.95 85.72
1786306646 109.07 114.00 85.57
1786306647 109.07 114.00 85.57
1786306648 109.07 114.00 85.57
1786306649 109.07 114.00 85.57
1786306650 109.07 114.00 85.57
1786306651 108.43 113.79 85.65
1786306652 108.43 113.79 85.65
1786306653 108.43 113.79 85.65
1786306654 108.43 113.79 85.65
1786306655 108.43 113.79 85.65
1786306656 115.52 115.17 86.25
1786306657 115.52 115.17 86.25
1786306658 115.52 115.17 86.25
1786306659 115.52 115.17 86.25
1786306660 115.52 115.17 86.25
1786306661 111.23 114.29 86.12
1786306662 111.23 114.29 86.12
1786306663 111.23 114.29 86.12
1786306664 111.23 114.29 86.12
1786306665 111.23 114.29 86.12
1786306666 106.73 113.30 85.95
1786306667 106.73 113.30 85.95
1786306668 106.73 113.30 85.95
1786306669 106.73 113.30 85.95
1786306670 106.73 113.30 85.95
1786306671 106.27 113.10 86.03
1786306672 106.27 113.10 86.03
1786306673 106.27 113.10 86.03
1786306674 106.27 113.10 86.03
1786306675 106.27 113.10 86.03
1786306676 106.01 112.93 86.13
1786306677 106.01 112.93 86.13
1786306678 106.01 112.93 86.13
1786306679 106.01 112.93 86.13
1786306680 106.01 112.93 86.13
1786306681 112.33 114.13 86.66
1786306682 112.33 114.13 86.66
1786306683 112.33 114.13 86.66
1786306684 112.33 114.13 86.66
1786306685 112.33 114.13 86.66
1786306686 115.27 114.71 86.99
1786306687 115.27 114.71 86.99
1786306688 115.27 114.71 86.99
1786306689 115.27 114.71 86.99
1786306690 115.27 114.71 86.99
1786306691 110.28 113.68 86.81
1786306692 110.28 113.68 86.81
1786306693 110.28 113.68 86.81
1786306694 110.28 113.68 86.81
1786306695 110.28 113.68 86.81
1786306696 109.62 113.49 86.89
1786306697 109.62 113.49 86.89
1786306698 109.62 113.49 86.89
1786306699 109.62 113.49 86.89
1786306700 109.62 113.49 86.89
1786306701 115.58 114.66 87.41
1786306702 115.58 114.66 87.41
1786306703 115.58 114.66 87.41
1786306704 115.58 114.66 87.41
1786306705 115.58 114.66 87.41
1786306707 118.33 115.25 87.75
1786306708 118.33 115.25 87.75
1786306709 118.33 115.25 87.75
1786306710 118.33 115.25 87.75
1786306711 118.33 115.25 87.75
1786306712 117.27 115.07 87.84
1786306713 117.27 115.07 87.84
1786306714 117.27 115.07 87.84
1786306715 117.27 115.07 87.84
1786306716 117.27 115.07 87.84
1786306717 119.81 115.64 88.17
1786306718 119.81 115.64 88.17
1786306719 119.81 115.64 88.17
1786306720 119.81 115.64 88.17
1786306721 119.81 115.64 88.17
1786306722 126.15 117.02 88.77
1786306723 126.15 117.02 88.77
1786306724 126.15 117.02 88.77
1786306725 126.15 117.02 88.77
1786306726 126.15 117.02 88.77
1786306727 127.90 117.54 89.08
1786306728 127.90 117.54 89.08
1786306729 127.90 117.54 89.08
1786306730 127.90 117.54 89.08
1786306731 127.90 117.54 89.08
1786306732 128.87 117.91 89.36
1786306733 128.87 117.91 89.36
1786306734 128.87 117.91 89.36
1786306735 128.87 117.91 89.36
1786306736 130.40 118.41 89.67
1786306737 130.40 118.41 89.67
1786306738 130.40 118.41 89.67
1786306739 130.40 118.41 89.67
1786306740 130.40 118.41 89.67
1786306741 124.52 117.39 89.50
1786306742 124.52 117.39 89.50
1786306743 124.52 117.39 89.50
1786306744 124.52 117.39 89.50
1786306745 124.52 117.39 89.50
1786306746 130.57 118.76 90.09
1786306747 130.57 118.76 90.09
1786306748 130.57 118.76 90.09
1786306749 130.57 118.76 90.09
1786306750 130.57 118.76 90.09
1786306751 136.05 120.09 90.68
1786306752 136.05 120.09 90.68
1786306753 136.05 120.09 90.68
1786306754 136.05 120.09 90.68
1786306755 136.05 120.09 90.68
1786306756 133.24 119.78 90.73
1786306757 133.24 119.78 90.73
1786306758 133.24 119.78 90.73
1786306759 133.24 119.78 90.73
1786306760 133.24 119.78 90.73
1786306761 136.10 120.59 91.15
1786306762 136.10 120.59 91.15
1786306763 136.10 120.59 91.15
1786306764 136.10 120.59 91.15
1786306765 136.10 120.59 91.15
1786306766 137.22 121.08 91.47
1786306767 137.22 121.08 91.47
1786306768 137.22 121.08 91.47
1786306769 137.22 121.08 91.47
1786306770 137.22 121.08 91.47
1786306771 134.16 120.72 91.51
1786306772 134.16 120.72 91.51
1786306773 134.16 120.72 91.51
1786306774 134.16 120.72 91.51
1786306775 134.16 120.72 91.51
1786306776 123.57 118.75 91.03
