1786306777 123.57 118.75 91.03
1786306778 123.57 118.75 91.03
1786306779 123.57 118.75 91.03
1786306780 123.57 118.75 91.03
1786306781 123.57 118.75 91.03
1786306782 114.40 116.92 90.59
1786306783 114.40 116.92 90.59
1786306784 114.40 116.92 90.59
1786306785 114.40 116.92 90.59
1786306786 114.40 116.92 90.59
1786306787 106.04 115.15 90.16
1786306788 106.04 115.15 90.16
1786306789 106.04 115.15 90.16
1786306790 106.04 115.15 90.16
1786306791 106.04 115.15 90.16
1786306792 97.55 113.24 89.67
1786306793 97.55 113.24 89.67
1786306794 97.55 113.24 89.67
1786306795 97.55 113.24 89.67
1786306796 97.55 113.24 89.67
1786306797 104.71 114.46 90.19
1786306798 104.71 114.46 90.19
1786306799 104.71 114.46 90.19
1786306800 104.71 114.46 90.19
1786306801 104.71 114.46 90.19
1786306802 111.62 115.73 90.74
1786306803 111.62 115.73 90.74
1786306804 111.62 115.73 90.74
1786306805 111.62 115.73 90.74
1786306806 111.62 115.73 90.74
1786306807 113.49 116.05 90.97
1786306808 113.49 116.05 90.97
1786306809 113.49 116.05 90.97
1786306810 113.49 116.05 90.97
1786306811 113.49 116.05 90.97
1786306812 120.02 117.36 91.53
1786306813 120.02 117.36 91.53
1786306814 120.02 117.36 91.53
1786306815 120.02 117.36 91.53
1786306816 120.42 117.49 91.71
1786306817 120.42 117.49 91.71
1786306818 120.42 117.49 91.71
1786306819 120.42 117.49 91.71
1786306820 120.42 117.49 91.71
1786306821 123.19 118.11 92.05
1786306822 123.19 118.11 92.05
1786306823 123.19 118.11 92.05
1786306824 123.19 118.11 92.05
1786306825 123.19 118.11 92.05
1786306826 127.18 119.02 92.49
1786306827 127.18 119.02 92.49
1786306828 127.18 119.02 92.49
1786306829 127.18 119.02 92.49
1786306830 127.18 119.02 92.49
1786306831 129.17 119.57 92.81
1786306832 129.17 119.57 92.81
1786306833 129.17 119.57 92.81
1786306834 129.17 119.57 92.81
1786306835 129.17 119.57 92.81
1786306836 130.67 120.04 93.10
1786306837 130.67 120.04 93.10
1786306838 130.67 120.04 93.10
1786306839 130.67 120.04 93.10
1786306840 130.67 120.04 93.10
1786306841 132.62 120.62 93.44
1786306842 132.62 120.62 93.44
1786306843 132.62 120.62 93.44
1786306844 132.62 120.62 93.44
1786306845 132.62 120.62 93.44
1786306846 130.33 120.35 93.49
1786306847 130.33 120.35 93.49
1786306848 130.33 120.35 93.49
1786306849 130.33 120.35 93.49
1786306850 130.33 120.35 93.49
1786306851 133.19 121.11 93.88
1786306852 133.19 121.11 93.88
1786306853 133.19 121.11 93.88
1786306854 133.19 121.11 93.88
1786306855 133.19 121.11 93.88
1786306856 129.01 120.44 93.81
1786306857 129.01 120.44 93.81
1786306858 129.01 120.44 93.81
1786306859 129.01 120.44 93.81
1786306860 129.01 120.44 93.81
1786306861 128.53 120.48 93.97
1786306862 128.53 120.48 93.97
1786306863 128.53 120.48 93.97
1786306864 128.53 120.48 93.97
1786306865 128.53 120.48 93.97
1786306866 131.77 121.29 94.37
1786306867 131.77 121.29 94.37
1786306868 131.77 121.29 94.37
1786306869 131.77 121.29 94.37
1786306870 131.77 121.29 94.37
1786306871 134.43 122.02 94.75
1786306872 134.43 122.02 94.75
1786306873 134.43 122.02 94.75
1786306874 134.43 122.02 94.75
1786306875 134.43 122.02 94.75
1786306876 132.71 121.87 94.85
1786306877 132.71 121.87 94.85
1786306878 132.71 121.87 94.85
1786306879 132.71 121.87 94.85
1786306880 132.71 121.87 94.85
1786306881 137.70 123.08 95.39
1786306882 137.70 123.08 95.39
1786306883 137.70 123.08 95.39
1786306884 137.70 123.08 95.39
1786306885 137.70 123.08 95.39
1786306886 140.61 123.93 95.81
1786306887 140.61 123.93 95.81
1786306888 140.61 123.93 95.81
1786306889 140.61 123.93 95.81
1786306890 140.61 123.93 95.81
1786306891 136.55 123.36 95.78
1786306892 136.55 123.36 95.78
1786306893 136.55 123.36 95.78
1786306894 136.55 123.36 95.78
1786306895 136.55 123.36 95.78
1786306896 135.71 123.41 95.94
1786306897 135.71 123.41 95.94
1786306898 135.71 123.41 95.94
1786306899 135.71 123.41 95.94
1786306900 135.71 123.41 95.94
1786306901 135.81 123.63 96.16
1786306902 135.81 123.63 96.16
1786306903 135.81 123.63 96.16
1786306904 135.81 123.63 96.16
1786306905 135.81 123.63 96.16
1786306906 135.19 123.70 96.34
1786306907 135.19 123.70 96.34
1786306908 135.19 123.70 96.34
1786306909 135.19 123.70 96.34
1786306910 135.19 123.70 96.34
1786306912 136.29 124.12 96.62
1786306913 136.29 124.12 96.62
1786306914 136.29 124.12 96.62
1786306915 136.29 124.12 96.62
1786306916 136.29 124.12 96.62
1786306917 135.23 124.11 96.76
1786306918 135.23 124.11 96.76
1786306919 135.23 124.11 96.76
1786306920 135.23 124.11 96.76
1786306921 135.23 124.11 96.76
1786306922 132.49 123.72 96.78
1786306923 132.49 123.72 96.78
1786306924 132.49 123.72 96.78
1786306925 132.49 123.72 96.78
1786306926 132.49 123.72 96.78
1786306927 135.49 124.49 97.18
1786306928 135.49 124.49 97.18
1786306929 135.49 124.49 97.18
1786306930 135.49 124.49 97.18
1786306931 135.49 124.49 97.18
1786306932 135.77 124.73 97.40
1786306933 135.77 124.73 97.40
1786306934 135.77 124.73 97.40
1786306935 135.77 124.73 97.40
1786306936 135.77 124.73 97.40
1786306937 136.51 125.07 97.66
1786306938 136.51 125.07 97.66
1786306939 136.51 125.07 97.66
1786306940 136.51 125.07 97.66
1786306941 136.51 125.07 97.66
1786306942 133.83 124.70 97.69
1786306943 133.83 124.70 97.69
1786306944 133.83 124.70 97.69
1786306945 133.83 124.70 97.69
1786306946 133.83 124.70 97.69
1786306947 129.52 123.96 97.59
1786306948 129.52 123.96 97.59
1786306949 129.52 123.96 97.59
1786306950 129.52 123.96 97.59
1786306951 129.52 123.96 97.59
1786306952 121.07 122.30 97.20
1786306953 121.07 122.30 97.20
1786306954 121.07 122.30 97.20
1786306955 121.07 122.30 97.20
1786306956 121.07 122.30 97.20
