1786414930 94.54 165.86 162.98
1786414931 94.54 165.86 162.98
1786414932 94.54 165.86 162.98
1786414933 87.37 163.18 162.13
1786414934 87.37 163.18 162.13
1786414935 87.37 163.18 162.13
1786414936 87.37 163.18 162.13
1786414937 87.37 163.18 162.13
1786414938 80.77 160.56 161.29
1786414939 80.77 160.56 161.29
1786414940 80.77 160.56 161.29
1786414941 80.77 160.56 161.29
1786414942 74.71 157.98 160.45
1786414943 74.71 157.98 160.45
1786414944 74.71 157.98 160.45
1786414945 74.71 157.98 160.45
1786414946 74.71 157.98 160.45
1786414947 100.19 161.88 161.70
1786414948 100.19 161.88 161.70
1786414949 100.19 161.88 161.70
1786414950 100.19 161.88 161.70
1786414951 100.19 161.88 161.70
1786414952 92.33 159.22 160.84
1786414953 92.33 159.22 160.84
1786414954 92.33 159.22 160.84
1786414955 92.33 159.22 160.84
1786414956 92.33 159.22 160.84
1786414957 117.77 163.39 162.18
1786414958 117.77 163.39 162.18
1786414959 117.77 163.39 162.18
1786414960 117.77 163.39 162.18
1786414961 117.77 163.39 162.18
1786414962 139.97 167.23 163.43
1786414963 139.97 167.23 163.43
1786414964 139.97 167.23 163.43
1786414965 139.97 167.23 163.43
1786414966 139.97 167.23 163.43
1786414967 139.41 166.66 163.26
1786414968 139.41 166.66 163.26
1786414969 139.41 166.66 163.26
1786414970 139.41 166.66 163.26
1786414971 139.41 166.66 163.26
1786414972 128.73 164.00 162.42
1786414973 128.73 164.00 162.42
1786414974 128.73 164.00 162.42
1786414975 128.73 164.00 162.42
1786414976 128.73 164.00 162.42
1786414977 119.06 161.41 161.59
1786414978 119.06 161.41 161.59
1786414979 119.06 161.41 161.59
1786414980 119.06 161.41 161.59
1786414981 119.06 161.41 161.59
1786414982 110.01 158.83 160.75
1786414983 110.01 158.83 160.75
1786414984 110.01 158.83 160.75
1786414985 110.01 158.83 160.75
1786414986 110.01 158.83 160.75
1786414987 112.01 158.43 160.62
1786414988 112.01 158.43 160.62
1786414989 112.01 158.43 160.62
1786414990 112.01 158.43 160.62
1786414991 112.01 158.43 160.62
1786414992 144.68 164.43 162.55
1786414993 144.68 164.43 162.55
1786414994 144.68 164.43 162.55
1786414995 144.68 164.43 162.55
1786414996 144.68 164.43 162.55
1786414997 139.98 163.13 162.13
1786414998 139.98 163.13 162.13
1786414999 139.98 163.13 162.13
1786415000 139.98 163.13 162.13
1786415001 139.98 163.13 162.13
1786415002 128.77 160.42 161.26
1786415003 128.77 160.42 161.26
1786415005 128.77 160.42 161.26
1786415006 128.77 160.42 161.26
1786415007 128.77 160.42 161.26
1786415008 118.46 157.76 160.40
1786415009 118.46 157.76 160.40
1786415010 118.46 157.76 160.40
1786415011 118.46 157.76 160.40
1786415012 118.46 157.76 160.40
1786415013 109.29 155.21 159.56
1786415014 109.29 155.21 159.56
1786415015 109.29 155.21 159.56
1786415016 109.29 155.21 159.56
1786415017 109.29 155.21 159.56
1786415018 101.10 152.75 158.74
1786415019 101.10 152.75 158.74
1786415020 101.10 152.75 158.74
1786415021 101.10 152.75 158.74
1786415022 93.65 150.34 157.93
1786415023 93.65 150.34 157.93
1786415024 93.65 150.34 157.93
1786415025 93.65 150.34 157.93
1786415026 93.65 150.34 157.93
1786415027 86.55 147.93 157.11
1786415028 86.55 147.93 157.11
1786415029 86.55 147.93 157.11
1786415030 86.55 147.93 157.11
1786415031 86.55 147.93 157.11
1786415032 101.00 149.91 157.70
1786415033 101.00 149.91 157.70
1786415034 101.00 149.91 157.70
1786415035 101.00 149.91 157.70
1786415036 101.00 149.91 157.70
1786415037 93.15 147.47 156.86
1786415038 93.15 147.47 156.86
1786415039 93.15 147.47 156.86
1786415040 93.15 147.47 156.86
1786415041 93.15 147.47 156.86
1786415042 106.83 149.40 157.44
1786415043 106.83 149.40 157.44
1786415044 106.83 149.40 157.44
1786415045 106.83 149.40 157.44
1786415046 106.83 149.40 157.44
1786415047 109.01 149.15 157.31
1786415048 109.01 149.15 157.31
1786415049 109.01 149.15 157.31
1786415050 109.01 149.15 157.31
1786415051 109.01 149.15 157.31
1786415052 100.92 146.80 156.51
1786415053 100.92 146.80 156.51
1786415054 100.92 146.80 156.51
1786415055 100.92 146.80 156.51
1786415056 100.92 146.80 156.51
1786415057 103.65 146.61 156.40
1786415058 103.65 146.61 156.40
1786415059 103.65 146.61 156.40
1786415060 103.65 146.61 156.40
1786415061 103.65 146.61 156.40
1786415062 95.83 144.27 155.59
1786415063 95.83 144.27 155.59
1786415064 95.83 144.27 155.59
1786415065 95.83 144.27 155.59
1786415066 95.83 144.27 155.59
1786415067 88.79 142.01 154.80
1786415068 88.79 142.01 154.80
1786415069 88.79 142.01 154.80
1786415070 88.79 142.01 154.80
1786415071 88.79 142.01 154.80
1786415072 102.50 143.97 155.36
1786415073 102.50 143.97 155.36
1786415074 102.50 143.97 155.36
1786415075 102.50 143.97 155.36
1786415076 102.50 143.97 155.36
1786415077 105.35 143.87 155.27
1786415078 105.35 143.87 155.27
1786415079 105.35 143.87 155.27
1786415080 105.35 143.87 155.27
1786415081 105.35 143.87 155.27
1786415082 124.30 147.16 156.27
1786415083 124.30 147.16 156.27
1786415084 124.30 147.16 156.27
1786415085 124.30 147.16 156.27
1786415086 124.30 147.16 156.27
1786415087 114.75 144.80 155.46
1786415088 114.75 144.80 155.46
1786415089 114.75 144.80 155.46
1786415090 114.75 144.80 155.46
1786415091 114.75 144.80 155.46
1786415092 106.28 142.54 154.67
1786415093 106.28 142.54 154.67
1786415094 106.28 142.54 154.67
1786415095 106.28 142.54 154.67
1786415096 106.28 142.54 154.67
1786415098 98.33 140.29 153.88
1786415099 98.33 140.29 153.88
1786415100 98.33 140.29 153.88
1786415101 98.33 140.29 153.88
1786415102 98.33 140.29 153.88
1786415103 90.77 138.03 153.07
1786415104 90.77 138.03 153.07
1786415105 90.77 138.03 153.07
1786415106 90.77 138.03 153.07
1786415107 90.77 138.03 153.07
