1786313134 30.84 42.13 145.69
1786313135 30.84 42.13 145.69
1786313136 30.84 42.13 145.69
1786313137 29.10 41.58 144.96
1786313138 29.10 41.58 144.96
1786313139 29.10 41.58 144.96
1786313140 29.10 41.58 144.96
1786313141 29.10 41.58 144.96
1786313142 27.57 41.05 144.23
1786313143 27.57 41.05 144.23
1786313144 27.57 41.05 144.23
1786313145 27.57 41.05 144.23
1786313146 27.57 41.05 144.23
1786313147 26.16 40.54 143.51
1786313148 26.16 40.54 143.51
1786313149 26.16 40.54 143.51
1786313150 26.16 40.54 143.51
1786313151 26.16 40.54 143.51
1786313152 24.86 40.03 142.80
1786313153 24.86 40.03 142.80
1786313154 24.86 40.03 142.80
1786313155 24.86 40.03 142.80
1786313156 24.86 40.03 142.80
1786313157 28.00 40.43 142.37
1786313158 28.00 40.43 142.37
1786313159 28.00 40.43 142.37
1786313160 28.00 40.43 142.37
1786313161 28.00 40.43 142.37
1786313162 34.25 41.52 142.18
1786313163 34.25 41.52 142.18
1786313164 34.25 41.52 142.18
1786313165 34.25 41.52 142.18
1786313166 34.25 41.52 142.18
1786313167 34.31 41.41 141.60
1786313168 34.31 41.41 141.60
1786313169 34.31 41.41 141.60
1786313170 34.31 41.41 141.60
1786313171 32.44 40.90 140.90
1786313172 32.44 40.90 140.90
1786313173 32.44 40.90 140.90
1786313174 32.44 40.90 140.90
1786313175 32.44 40.90 140.90
1786313176 30.72 40.41 140.20
1786313177 30.72 40.41 140.20
1786313178 30.72 40.41 140.20
1786313179 30.72 40.41 140.20
1786313180 30.72 40.41 140.20
1786313181 30.98 40.30 139.63
1786313182 30.98 40.30 139.63
1786313183 30.98 40.30 139.63
1786313184 30.98 40.30 139.63
1786313185 30.98 40.30 139.63
1786313186 33.23 40.61 139.20
1786313187 33.23 40.61 139.20
1786313188 33.23 40.61 139.20
1786313189 33.23 40.61 139.20
1786313190 33.23 40.61 139.20
1786313191 31.21 40.07 138.49
1786313192 31.21 40.07 138.49
1786313193 31.21 40.07 138.49
1786313194 31.21 40.07 138.49
1786313195 31.21 40.07 138.49
1786313196 29.67 39.60 137.81
1786313197 29.67 39.60 137.81
1786313198 29.67 39.60 137.81
1786313199 29.67 39.60 137.81
1786313200 29.67 39.60 137.81
1786313201 28.33 39.16 137.14
1786313202 28.33 39.16 137.14
1786313203 28.33 39.16 137.14
1786313204 28.33 39.16 137.14
1786313205 28.33 39.16 137.14
1786313206 26.79 38.66 136.45
1786313207 26.79 38.66 136.45
1786313208 26.79 38.66 136.45
1786313209 26.79 38.66 136.45
1786313210 26.79 38.66 136.45
1786313211 24.88 38.07 135.74
1786313212 24.88 38.07 135.74
1786313213 24.88 38.07 135.74
1786313214 24.88 38.07 135.74
