1786409847 73.25 59.87 65.04
1786409848 68.11 59.02 64.74
1786409849 68.11 59.02 64.74
1786409850 68.11 59.02 64.74
1786409851 68.11 59.02 64.74
1786409852 68.11 59.02 64.74
1786409853 63.29 58.18 64.43
1786409855 63.29 58.18 64.43
1786409856 63.29 58.18 64.43
1786409857 63.29 58.18 64.43
1786409858 58.86 57.34 64.13
1786409859 58.86 57.34 64.13
1786409860 58.86 57.34 64.13
1786409861 58.86 57.34 64.13
1786409862 58.86 57.34 64.13
1786409863 54.79 56.52 63.83
1786409864 54.79 56.52 63.83
1786409865 54.79 56.52 63.83
1786409866 54.79 56.52 63.83
1786409867 54.79 56.52 63.83
1786409868 64.18 58.44 64.41
1786409869 64.18 58.44 64.41
1786409870 64.18 58.44 64.41
1786409871 64.18 58.44 64.41
1786409872 64.18 58.44 64.41
1786409873 60.88 57.85 64.19
1786409874 60.88 57.85 64.19
1786409875 60.88 57.85 64.19
1786409876 60.88 57.85 64.19
1786409877 60.88 57.85 64.19
1786409878 56.16 56.93 63.85
1786409879 56.16 56.93 63.85
1786409880 56.16 56.93 63.85
1786409881 56.16 56.93 63.85
1786409882 56.16 56.93 63.85
1786409883 51.67 55.98 63.51
1786409884 51.67 55.98 63.51
1786409885 51.67 55.98 63.51
1786409886 51.67 55.98 63.51
1786409887 51.67 55.98 63.51
1786409888 47.53 55.05 63.17
1786409889 47.53 55.05 63.17
1786409891 47.53 55.05 63.17
1786409892 47.53 55.05 63.17
1786409893 47.53 55.05 63.17
1786409894 43.96 54.19 62.84
1786409895 43.96 54.19 62.84
1786409896 43.96 54.19 62.84
1786409897 43.96 54.19 62.84
1786409898 74.48 60.34 64.79
1786409899 74.48 60.34 64.79
1786409900 74.48 60.34 64.79
1786409901 74.48 60.34 64.79
1786409902 74.48 60.34 64.79
1786409903 108.23 67.58 67.11
1786409904 108.23 67.58 67.11
1786409905 108.23 67.58 67.11
1786409906 108.23 67.58 67.11
1786409907 108.23 67.58 67.11
1786409908 127.91 72.33 68.65
1786409909 127.91 72.33 68.65
1786409910 127.91 72.33 68.65
1786409911 127.91 72.33 68.65
1786409912 127.91 72.33 68.65
1786409913 172.68 82.54 71.97
1786409914 172.68 82.54 71.97
1786409915 172.68 82.54 71.97
1786409916 172.68 82.54 71.97
1786409917 172.68 82.54 71.97
1786409919 204.50 90.63 74.64
1786409920 204.50 90.63 74.64
1786409921 204.50 90.63 74.64
1786409922 204.50 90.63 74.64
1786409923 224.96 96.76 76.71
1786409924 224.96 96.76 76.71
1786409925 224.96 96.76 76.71
1786409926 224.96 96.76 76.71
1786409927 224.96 96.76 76.71
1786409928 246.90 103.44 78.98
1786409929 246.90 103.44 78.98
1786409930 246.90 103.44 78.98
1786409931 246.90 103.44 78.98
1786409932 246.90 103.44 78.98
1786409933 254.20 107.33 80.37
1786409934 254.20 107.33 80.37
1786409935 254.20 107.33 80.37
1786409936 254.20 107.33 80.37
1786409937 254.20 107.33 80.37
1786409938 268.52 112.74 82.27
1786409939 268.52 112.74 82.27
1786409940 268.52 112.74 82.27
1786409941 268.52 112.74 82.27
1786409942 268.52 112.74 82.27
1786409943 258.15 113.18 82.57
1786409944 258.15 113.18 82.57
1786409945 258.15 113.18 82.57
1786409946 258.15 113.18 82.57
1786409947 258.15 113.18 82.57
1786409948 238.68 111.55 82.21
1786409949 238.68 111.55 82.21
1786409950 238.68 111.55 82.21
1786409951 238.68 111.55 82.21
1786409952 238.68 111.55 82.21
1786409953 220.28 109.84 81.82
1786409954 220.28 109.84 81.82
1786409955 220.28 109.84 81.82
1786409956 220.28 109.84 81.82
1786409957 220.28 109.84 81.82
1786409958 203.68 108.24 81.45
1786409959 203.68 108.24 81.45
1786409960 203.68 108.24 81.45
1786409961 203.68 108.24 81.45
1786409962 203.68 108.24 81.45
1786409963 188.25 106.62 81.07
1786409964 188.25 106.62 81.07
1786409965 188.25 106.62 81.07
1786409966 188.25 106.62 81.07
1786409967 188.25 106.62 81.07
1786409968 199.85 110.38 82.42
1786409970 199.85 110.38 82.42
1786409971 199.85 110.38 82.42
1786409972 199.85 110.38 82.42
1786409973 199.85 110.38 82.42
1786409974 232.53 118.64 85.24
1786409975 232.53 118.64 85.24
1786409976 232.53 118.64 85.24
1786409977 232.53 118.64 85.24
1786409978 237.69 121.60 86.38
1786409979 237.69 121.60 86.38
1786409980 237.69 121.60 86.38
1786409981 237.69 121.60 86.38
1786409982 237.69 121.60 86.38
1786409983 262.14 128.60 88.83
1786409984 262.14 128.60 88.83
1786409985 262.14 128.60 88.83
1786409986 262.14 128.60 88.83
1786409987 262.14 128.60 88.83
1786409988 287.52 136.08 91.47
1786409989 287.52 136.08 91.47
1786409990 287.52 136.08 91.47
1786409991 287.52 136.08 91.47
1786409992 287.52 136.08 91.47
1786409993 276.66 136.34 91.79
1786409994 276.66 136.34 91.79
1786409995 276.66 136.34 91.79
1786409996 276.66 136.34 91.79
1786409997 276.66 136.34 91.79
1786409998 259.95 135.21 91.66
1786409999 259.95 135.21 91.66
1786410000 259.95 135.21 91.66
1786410001 259.95 135.21 91.66
1786410003 259.95 135.21 91.66
1786410004 239.30 132.99 91.18
1786410005 239.30 132.99 91.18
1786410006 239.30 132.99 91.18
1786410007 239.30 132.99 91.18
1786410008 224.46 131.68 90.98
1786410009 224.46 131.68 90.98
1786410010 224.46 131.68 90.98
1786410011 224.46 131.68 90.98
1786410012 224.46 131.68 90.98
1786410013 206.56 129.51 90.50
1786410014 206.56 129.51 90.50
1786410015 206.56 129.51 90.50
1786410016 206.56 129.51 90.50
1786410017 206.56 129.51 90.50
1786410018 190.66 127.50 90.06
1786410019 190.66 127.50 90.06
1786410020 190.66 127.50 90.06
1786410021 190.66 127.50 90.06
1786410022 190.66 127.50 90.06
1786410023 176.12 125.53 89.62
1786410024 176.12 125.53 89.62
1786410025 176.12 125.53 89.62
1786410026 176.12 125.53 89.62
1786410027 176.12 125.53 89.62
1786410028 162.89 123.63 89.20
1786410029 162.89 123.63 89.20
1786410030 162.89 123.63 89.20
1786410031 162.89 123.63 89.20
1786410032 162.89 123.63 89.20
1786410033 150.41 121.69 88.76
1786410034 150.41 121.69 88.76
1786410035 150.41 121.69 88.76
1786410036 150.41 121.69 88.76
1786410037 150.41 121.69 88.76
1786410038 138.77 119.75 88.31
1786410039 138.77 119.75 88.31
1786410040 138.77 119.75 88.31
1786410041 138.77 119.75 88.31
