1786397801 22.32 14.59 13.17
1786397802 22.32 14.59 13.17
1786397803 21.33 14.51 13.16
1786397804 21.33 14.51 13.16
1786397805 21.33 14.51 13.16
1786397806 21.33 14.51 13.16
1786397807 21.33 14.51 13.16
1786397808 20.34 14.42 13.13
1786397809 20.34 14.42 13.13
1786397810 20.34 14.42 13.13
1786397811 20.34 14.42 13.13
1786397812 20.34 14.42 13.13
1786397813 19.52 14.35 13.12
1786397814 19.52 14.35 13.12
1786397815 19.52 14.35 13.12
1786397817 19.52 14.35 13.12
1786397818 19.52 14.35 13.12
1786397819 18.99 14.32 13.12
1786397820 18.99 14.32 13.12
1786397821 18.99 14.32 13.12
1786397822 18.99 14.32 13.12
1786397823 18.99 14.32 13.12
1786397824 18.43 14.28 13.11
1786397825 18.43 14.28 13.11
1786397826 18.43 14.28 13.11
1786397827 18.43 14.28 13.11
1786397828 18.43 14.28 13.11
1786397829 17.76 14.21 13.09
1786397830 17.76 14.21 13.09
1786397831 17.76 14.21 13.09
1786397832 17.76 14.21 13.09
1786397833 17.76 14.21 13.09
1786397834 17.30 14.18 13.09
1786397835 17.30 14.18 13.09
