1786414139 291.88 218.54 110.79
1786414140 291.88 218.54 110.79
1786414141 291.88 218.54 110.79
1786414142 269.15 215.04 110.24
1786414143 269.15 215.04 110.24
1786414144 269.15 215.04 110.24
1786414145 269.15 215.04 110.24
1786414146 269.15 215.04 110.24
1786414147 248.32 211.62 109.69
1786414148 248.32 211.62 109.69
1786414149 248.32 211.62 109.69
1786414150 248.32 211.62 109.69
1786414151 248.32 211.62 109.69
1786414152 229.07 208.24 109.15
1786414153 229.07 208.24 109.15
1786414154 229.07 208.24 109.15
1786414155 229.07 208.24 109.15
1786414156 229.07 208.24 109.15
1786414157 211.37 204.91 108.60
1786414158 211.37 204.91 108.60
1786414159 211.37 204.91 108.60
1786414160 211.37 204.91 108.60
1786414161 211.37 204.91 108.60
1786414162 195.08 201.64 108.06
1786414163 195.08 201.64 108.06
1786414164 195.08 201.64 108.06
1786414165 195.08 201.64 108.06
1786414166 195.08 201.64 108.06
1786414167 180.10 198.43 107.52
1786414168 180.10 198.43 107.52
1786414169 180.10 198.43 107.52
1786414170 180.10 198.43 107.52
1786414171 180.10 198.43 107.52
1786414172 195.71 201.36 108.96
1786414173 195.71 201.36 108.96
1786414174 195.71 201.36 108.96
1786414175 195.71 201.36 108.96
1786414176 230.97 208.58 111.79
1786414177 230.97 208.58 111.79
1786414178 230.97 208.58 111.79
1786414179 230.97 208.58 111.79
1786414180 230.97 208.58 111.79
1786414181 251.63 213.23 113.82
1786414182 251.63 213.23 113.82
1786414183 251.63 213.23 113.82
1786414184 251.63 213.23 113.82
1786414186 251.63 213.23 113.82
1786414187 270.00 217.68 115.79
1786414188 270.00 217.68 115.79
1786414189 270.00 217.68 115.79
1786414190 270.00 217.68 115.79
1786414191 270.00 217.68 115.79
1786414192 296.02 223.94 118.37
1786414193 296.02 223.94 118.37
1786414194 296.02 223.94 118.37
1786414195 296.02 223.94 118.37
1786414196 296.02 223.94 118.37
1786414197 319.89 230.09 120.92
1786414198 319.89 230.09 120.92
1786414199 319.89 230.09 120.92
1786414200 319.89 230.09 120.92
1786414201 326.62 232.97 122.44
1786414202 326.62 232.97 122.44
1786414203 326.62 232.97 122.44
1786414204 326.62 232.97 122.44
1786414205 326.62 232.97 122.44
1786414206 342.51 237.82 124.60
1786414207 342.51 237.82 124.60
1786414208 342.51 237.82 124.60
1786414210 342.51 237.82 124.60
1786414211 342.51 237.82 124.60
1786414212 346.31 240.35 126.03
1786414213 346.31 240.35 126.03
1786414214 346.31 240.35 126.03
1786414215 346.31 240.35 126.03
1786414216 346.31 240.35 126.03
1786414217 366.23 246.24 128.55
1786414218 366.23 246.24 128.55
1786414219 366.23 246.24 128.55
1786414220 366.23 246.24 128.55
1786414221 366.23 246.24 128.55
1786414222 360.04 246.95 129.41
1786414223 360.04 246.95 129.41
1786414224 360.04 246.95 129.41
1786414225 360.04 246.95 129.41
1786414226 360.04 246.95 129.41
1786414227 381.02 253.17 132.06
1786414228 381.02 253.17 132.06
1786414229 381.02 253.17 132.06
1786414230 381.02 253.17 132.06
1786414231 394.31 258.05 134.29
1786414232 394.31 258.05 134.29
1786414233 394.31 258.05 134.29
1786414234 394.31 258.05 134.29
1786414235 394.31 258.05 134.29
1786414236 425.12 266.70 137.75
1786414237 425.12 266.70 137.75
1786414238 425.12 266.70 137.75
1786414239 425.12 266.70 137.75
1786414240 425.12 266.70 137.75
1786414242 424.31 269.16 139.24
1786414243 424.31 269.16 139.24
1786414244 424.31 269.16 139.24
1786414245 424.31 269.16 139.24
1786414246 424.31 269.16 139.24
1786414247 399.86 266.67 139.13
1786414248 399.86 266.67 139.13
1786414249 399.86 266.67 139.13
1786414250 399.86 266.67 139.13
1786414251 399.86 266.67 139.13
1786414252 368.64 262.41 138.43
1786414253 368.64 262.41 138.43
1786414254 368.64 262.41 138.43
1786414255 368.64 262.41 138.43
1786414256 368.64 262.41 138.43
1786414257 342.24 258.70 137.90
1786414258 342.24 258.70 137.90
1786414259 342.24 258.70 137.90
1786414260 342.24 258.70 137.90
1786414261 342.24 258.70 137.90
1786414262 325.89 256.70 137.90
1786414263 325.89 256.70 137.90
1786414264 325.89 256.70 137.90
1786414265 325.89 256.70 137.90
1786414266 325.89 256.70 137.90
1786414267 307.08 253.95 137.65
1786414268 307.08 253.95 137.65
1786414269 307.08 253.95 137.65
1786414270 307.08 253.95 137.65
1786414271 307.08 253.95 137.65
1786414272 303.95 254.18 138.35
1786414273 303.95 254.18 138.35
1786414274 303.95 254.18 138.35
1786414275 303.95 254.18 138.35
1786414276 303.95 254.18 138.35
1786414277 308.35 255.92 139.54
1786414278 308.35 255.92 139.54
1786414279 308.35 255.92 139.54
1786414280 308.35 255.92 139.54
1786414281 325.14 260.27 141.57
1786414282 325.14 260.27 141.57
1786414283 325.14 260.27 141.57
1786414284 325.14 260.27 141.57
1786414285 325.14 260.27 141.57
1786414286 336.34 263.67 143.31
1786414287 336.34 263.67 143.31
1786414288 336.34 263.67 143.31
1786414289 336.34 263.67 143.31
1786414291 336.34 263.67 143.31
1786414292 344.40 266.55 144.88
1786414293 344.40 266.55 144.88
1786414294 344.40 266.55 144.88
1786414295 344.40 266.55 144.88
1786414296 344.40 266.55 144.88
1786414297 347.57 268.50 146.17
1786414298 347.57 268.50 146.17
1786414299 347.57 268.50 146.17
1786414300 347.57 268.50 146.17
1786414301 347.57 268.50 146.17
1786414302 366.35 273.70 148.51
1786414303 366.35 273.70 148.51
1786414304 366.35 273.70 148.51
1786414305 366.35 273.70 148.51
1786414306 366.35 273.70 148.51
1786414307 385.86 279.29 150.99
1786414308 385.86 279.29 150.99
1786414309 385.86 279.29 150.99
1786414310 385.86 279.29 150.99
1786414311 388.27 281.56 152.41
1786414312 388.27 281.56 152.41
1786414313 388.27 281.56 152.41
1786414314 388.27 281.56 152.41
1786414315 388.27 281.56 152.41
1786414316 399.46 285.65 154.43
1786414318 399.46 285.65 154.43
1786414319 399.46 285.65 154.43
1786414320 399.46 285.65 154.43
1786414321 399.46 285.65 154.43
1786414322 393.34 286.27 155.34
1786414323 393.34 286.27 155.34
1786414324 393.34 286.27 155.34
1786414325 393.34 286.27 155.34
1786414326 393.34 286.27 155.34
1786414327 389.23 287.19 156.34
1786414328 389.23 287.19 156.34
1786414329 389.23 287.19 156.34
1786414330 389.23 287.19 156.34
1786414331 389.23 287.19 156.34
1786414332 411.63 293.53 159.09
1786414333 411.63 293.53 159.09
1786414334 411.63 293.53 159.09
1786414335 411.63 293.53 159.09
1786414336 419.83 297.19 161.00
1786414337 419.83 297.19 161.00
1786414338 419.83 297.19 161.00
1786414339 419.83 297.19 161.00
1786414340 419.83 297.19 161.00
1786414341 419.28 299.11 162.35
1786414342 419.28 299.11 162.35
1786414343 419.28 299.11 162.35
1786414344 419.28 299.11 162.35
1786414345 419.28 299.11 162.35
1786414346 388.43 294.71 161.66
1786414347 388.43 294.71 161.66
1786414348 388.43 294.71 161.66
1786414349 388.43 294.71 161.66
1786414350 388.43 294.71 161.66
1786414351 368.29 292.09 161.53
1786414352 368.29 292.09 161.53
1786414353 368.29 292.09 161.53
1786414354 368.29 292.09 161.53
1786414355 368.29 292.09 161.53
1786414356 340.56 287.61 160.78
1786414357 340.56 287.61 160.78
1786414359 340.56 287.61 160.78
1786414360 340.56 287.61 160.78
1786414361 340.56 287.61 160.78
1786414362 313.77 282.93 159.95
1786414363 313.77 282.93 159.95
1786414364 313.77 282.93 159.95
1786414365 313.77 282.93 159.95
1786414366 313.77 282.93 159.95
1786414367 289.29 278.37 159.13
1786414368 289.29 278.37 159.13
