1786415307 135.36 160.58 159.97
1786415308 125.56 158.13 159.18
1786415309 125.56 158.13 159.18
1786415310 125.56 158.13 159.18
1786415311 125.56 158.13 159.18
1786415312 125.56 158.13 159.18
1786415313 132.56 159.04 159.47
1786415314 132.56 159.04 159.47
1786415315 132.56 159.04 159.47
1786415316 132.56 159.04 159.47
1786415317 132.56 159.04 159.47
1786415318 122.59 156.53 158.65
1786415319 122.59 156.53 158.65
1786415320 122.59 156.53 158.65
1786415321 122.59 156.53 158.65
1786415322 122.59 156.53 158.65
1786415323 113.97 154.18 157.88
1786415324 113.97 154.18 157.88
1786415325 113.97 154.18 157.88
1786415326 113.97 154.18 157.88
1786415327 113.97 154.18 157.88
1786415328 156.50 162.33 160.50
1786415329 156.50 162.33 160.50
1786415330 156.50 162.33 160.50
1786415331 156.50 162.33 160.50
1786415332 156.50 162.33 160.50
1786415333 187.05 168.57 162.53
1786415334 187.05 168.57 162.53
1786415335 187.05 168.57 162.53
1786415336 187.05 168.57 162.53
1786415337 211.55 173.95 164.30
1786415338 211.55 173.95 164.30
1786415339 211.55 173.95 164.30
1786415340 211.55 173.95 164.30
1786415341 211.55 173.95 164.30
1786415342 233.85 179.20 166.05
1786415343 233.85 179.20 166.05
1786415344 233.85 179.20 166.05
1786415345 233.85 179.20 166.05
1786415346 233.85 179.20 166.05
1786415347 249.95 183.45 167.50
1786415349 249.95 183.45 167.50
1786415350 249.95 183.45 167.50
1786415351 249.95 183.45 167.50
1786415352 249.95 183.45 167.50
1786415353 281.99 191.19 170.09
1786415354 281.99 191.19 170.09
1786415355 281.99 191.19 170.09
1786415356 281.99 191.19 170.09
1786415357 281.99 191.19 170.09
1786415358 293.52 195.09 171.46
1786415359 293.52 195.09 171.46
1786415360 293.52 195.09 171.46
1786415361 293.52 195.09 171.46
1786415362 290.68 196.13 171.93
1786415363 290.68 196.13 171.93
1786415364 290.68 196.13 171.93
1786415365 290.68 196.13 171.93
1786415366 290.68 196.13 171.93
1786415367 295.75 198.76 172.91
1786415368 295.75 198.76 172.91
1786415369 295.75 198.76 172.91
1786415370 295.75 198.76 172.91
1786415371 295.75 198.76 172.91
1786415372 293.45 199.89 173.41
1786415373 293.45 199.89 173.41
1786415374 293.45 199.89 173.41
1786415375 293.45 199.89 173.41
1786415376 293.45 199.89 173.41
1786415377 270.27 196.64 172.50
1786415378 270.27 196.64 172.50
1786415379 270.27 196.64 172.50
1786415381 270.27 196.64 172.50
1786415382 270.27 196.64 172.50
1786415383 248.95 193.44 171.60
1786415384 248.95 193.44 171.60
1786415385 248.95 193.44 171.60
1786415386 248.95 193.44 171.60
1786415387 248.95 193.44 171.60
1786415388 229.25 190.28 170.69
1786415389 229.25 190.28 170.69
1786415390 229.25 190.28 170.69
1786415391 229.25 190.28 170.69
1786415392 229.25 190.28 170.69
1786415393 210.97 187.13 169.78
1786415394 210.97 187.13 169.78
1786415395 210.97 187.13 169.78
1786415396 210.97 187.13 169.78
1786415397 195.52 184.33 168.96
1786415398 195.52 184.33 168.96
1786415399 195.52 184.33 168.96
1786415400 195.52 184.33 168.96
1786415401 195.52 184.33 168.96
1786415402 209.97 187.51 170.08
1786415403 209.97 187.51 170.08
1786415404 209.97 187.51 170.08
1786415405 209.97 187.51 170.08
1786415406 209.97 187.51 170.08
1786415407 229.59 191.95 171.61
1786415408 229.59 191.95 171.61
1786415409 229.59 191.95 171.61
1786415410 229.59 191.95 171.61
1786415411 229.59 191.95 171.61
1786415412 243.08 195.37 172.82
1786415413 243.08 195.37 172.82
1786415414 243.08 195.37 172.82
1786415415 243.08 195.37 172.82
1786415416 243.08 195.37 172.82
1786415417 224.65 192.34 171.96
1786415418 224.65 192.34 171.96
1786415419 224.65 192.34 171.96
1786415420 224.65 192.34 171.96
1786415421 224.65 192.34 171.96
1786415422 207.39 189.30 171.09
1786415423 207.39 189.30 171.09
1786415424 207.39 189.30 171.09
1786415425 207.39 189.30 171.09
1786415426 207.39 189.30 171.09
1786415427 191.90 186.39 170.25
1786415428 191.90 186.39 170.25
1786415429 191.90 186.39 170.25
1786415430 191.90 186.39 170.25
1786415431 191.90 186.39 170.25
1786415433 187.58 185.58 170.07
1786415434 187.58 185.58 170.07
1786415435 187.58 185.58 170.07
1786415436 187.58 185.58 170.07
1786415437 187.58 185.58 170.07
1786415438 210.52 190.37 171.70
1786415439 210.52 190.37 171.70
1786415440 210.52 190.37 171.70
1786415441 210.52 190.37 171.70
1786415442 210.52 190.37 171.70
1786415443 232.50 195.26 173.39
1786415444 232.50 195.26 173.39
1786415445 232.50 195.26 173.39
1786415446 232.50 195.26 173.39
1786415447 232.50 195.26 173.39
1786415448 252.24 199.97 175.03
1786415449 252.24 199.97 175.03
1786415450 252.24 199.97 175.03
1786415451 252.24 199.97 175.03
1786415452 269.12 204.34 176.58
1786415453 269.12 204.34 176.58
1786415454 269.12 204.34 176.58
1786415455 269.12 204.34 176.58
1786415456 269.12 204.34 176.58
1786415457 286.80 209.08 178.26
1786415458 286.80 209.08 178.26
1786415459 286.80 209.08 178.26
1786415460 286.80 209.08 178.26
1786415461 286.80 209.08 178.26
1786415462 302.20 213.57 179.88
1786415463 302.20 213.57 179.88
1786415465 302.20 213.57 179.88
1786415466 302.20 213.57 179.88
1786415467 302.20 213.57 179.88
1786415468 334.37 221.71 182.69
1786415469 334.37 221.71 182.69
1786415470 334.37 221.71 182.69
1786415471 334.37 221.71 182.69
1786415472 334.37 221.71 182.69
1786415473 362.77 229.47 185.41
1786415474 362.77 229.47 185.41
1786415475 362.77 229.47 185.41
1786415476 362.77 229.47 185.41
1786415477 362.77 229.47 185.41
1786415478 358.06 230.70 186.05
1786415479 358.06 230.70 186.05
1786415480 358.06 230.70 186.05
1786415481 358.06 230.70 186.05
1786415482 364.78 234.21 187.42
1786415483 364.78 234.21 187.42
1786415484 364.78 234.21 187.42
1786415485 364.78 234.21 187.42
1786415486 364.78 234.21 187.42
1786415487 381.46 239.84 189.49
1786415488 381.46 239.84 189.49
1786415489 381.46 239.84 189.49
1786415491 381.46 239.84 189.49
1786415492 381.46 239.84 189.49
1786415493 380.30 241.95 190.45
1786415494 380.30 241.95 190.45
1786415495 380.30 241.95 190.45
1786415496 380.30 241.95 190.45
1786415497 380.30 241.95 190.45
1786415498 395.25 247.34 192.47
1786415499 395.25 247.34 192.47
1786415500 395.25 247.34 192.47
1786415501 395.25 247.34 192.47
1786415502 395.25 247.34 192.47
1786415503 365.60 243.65 191.57
1786415504 365.60 243.65 191.57
1786415505 365.60 243.65 191.57
1786415506 365.60 243.65 191.57
1786415507 365.60 243.65 191.57
1786415508 360.75 244.67 192.18
1786415509 360.75 244.67 192.18
1786415510 360.75 244.67 192.18
1786415511 360.75 244.67 192.18
1786415512 333.94 241.04 191.29
1786415513 333.94 241.04 191.29
1786415514 333.94 241.04 191.29
1786415515 333.94 241.04 191.29
1786415516 333.94 241.04 191.29
1786415517 308.24 237.25 190.33
1786415518 308.24 237.25 190.33
1786415519 308.24 237.25 190.33
1786415520 308.24 237.25 190.33
1786415521 308.24 237.25 190.33
1786415522 295.97 235.89 190.14
1786415523 295.97 235.89 190.14
1786415524 295.97 235.89 190.14
1786415525 295.97 235.89 190.14
1786415526 295.97 235.89 190.14
1786415527 272.75 232.07 189.15
1786415528 272.75 232.07 189.15
1786415529 272.75 232.07 189.15
1786415530 272.75 232.07 189.15
1786415531 272.75 232.07 189.15
1786415532 252.03 228.45 188.21
