1786307552 5.65 19.30 52.09
1786307553 5.65 19.30 52.09
1786307554 5.65 19.30 52.09
1786307555 5.65 19.30 52.09
1786307556 5.65 19.30 52.09
1786307557 5.44 19.03 51.83
1786307558 5.44 19.03 51.83
1786307559 5.44 19.03 51.83
1786307560 5.44 19.03 51.83
1786307561 5.44 19.03 51.83
1786307562 5.17 18.75 51.56
1786307563 5.17 18.75 51.56
1786307564 5.17 18.75 51.56
1786307565 5.17 18.75 51.56
1786307566 5.17 18.75 51.56
1786307567 5.15 18.52 51.31
1786307568 5.15 18.52 51.31
1786307569 5.15 18.52 51.31
1786307570 5.15 18.52 51.31
1786307571 5.15 18.52 51.31
1786307572 15.23 20.39 51.74
1786307573 15.23 20.39 51.74
1786307574 15.23 20.39 51.74
1786307575 15.23 20.39 51.74
1786307576 15.23 20.39 51.74
1786307577 24.34 22.19 52.15
1786307578 24.34 22.19 52.15
1786307579 24.34 22.19 52.15
1786307580 24.34 22.19 52.15
1786307581 24.34 22.19 52.15
1786307582 32.64 23.95 52.56
1786307583 32.64 23.95 52.56
1786307584 32.64 23.95 52.56
1786307585 32.64 23.95 52.56
1786307586 32.64 23.95 52.56
1786307587 40.36 25.69 52.97
1786307588 40.36 25.69 52.97
1786307589 40.36 25.69 52.97
1786307590 40.36 25.69 52.97
1786307591 40.36 25.69 52.97
1786307592 37.21 25.28 52.69
1786307593 37.21 25.28 52.69
1786307594 37.21 25.28 52.69
1786307595 37.21 25.28 52.69
1786307596 37.21 25.28 52.69
1786307597 34.63 24.94 52.44
1786307598 34.63 24.94 52.44
1786307599 34.63 24.94 52.44
1786307600 34.63 24.94 52.44
1786307601 34.63 24.94 52.44
1786307602 31.93 24.55 52.16
1786307603 31.93 24.55 52.16
1786307604 31.93 24.55 52.16
1786307605 31.93 24.55 52.16
1786307606 31.93 24.55 52.16
1786307607 29.70 24.20 51.90
1786307608 29.70 24.20 51.90
1786307609 29.70 24.20 51.90
1786307610 29.70 24.20 51.90
1786307611 29.70 24.20 51.90
1786307612 37.57 25.93 52.31
1786307613 37.57 25.93 52.31
1786307614 37.57 25.93 52.31
1786307615 37.57 25.93 52.31
1786307616 37.57 25.93 52.31
1786307617 45.13 27.69 52.74
1786307618 45.13 27.69 52.74
1786307619 45.13 27.69 52.74
1786307620 45.13 27.69 52.74
1786307621 45.13 27.69 52.74
1786307622 51.77 29.35 53.14
1786307623 51.77 29.35 53.14
1786307624 51.77 29.35 53.14
1786307625 51.77 29.35 53.14
1786307626 51.77 29.35 53.14
1786307627 57.95 31.01 53.55
1786307628 57.95 31.01 53.55
1786307629 57.95 31.01 53.55
1786307630 57.95 31.01 53.55
1786307631 57.95 31.01 53.55
1786307632 63.64 32.64 53.95
1786307633 63.64 32.64 53.95
1786307634 63.64 32.64 53.95
1786307635 63.64 32.64 53.95
1786307636 63.64 32.64 53.95
1786307637 58.87 32.16 53.69
1786307638 58.87 32.16 53.69
1786307639 58.87 32.16 53.69
1786307640 58.87 32.16 53.69
1786307641 58.87 32.16 53.69
1786307642 80.42 37.07 55.16
1786307643 80.42 37.07 55.16
1786307644 80.42 37.07 55.16
1786307645 80.42 37.07 55.16
1786307646 80.42 37.07 55.16
1786307647 84.63 38.66 55.58
1786307648 84.63 38.66 55.58
1786307649 84.63 38.66 55.58
1786307650 84.63 38.66 55.58
1786307651 84.63 38.66 55.58
1786307652 88.58 40.25 56.00
1786307653 88.58 40.25 56.00
1786307654 88.58 40.25 56.00
1786307655 88.58 40.25 56.00
1786307656 88.58 40.25 56.00
1786307657 92.38 41.84 56.43
1786307658 92.38 41.84 56.43
1786307659 92.38 41.84 56.43
1786307660 92.38 41.84 56.43
1786307661 92.38 41.84 56.43
1786307662 95.79 43.38 56.85
1786307663 95.79 43.38 56.85
1786307664 95.79 43.38 56.85
1786307665 95.79 43.38 56.85
1786307666 95.79 43.38 56.85
1786307667 98.53 44.82 57.25
1786307668 98.53 44.82 57.25
1786307669 98.53 44.82 57.25
1786307670 98.53 44.82 57.25
1786307671 98.53 44.82 57.25
1786307672 91.04 44.16 56.96
1786307673 91.04 44.16 56.96
1786307674 91.04 44.16 56.96
1786307675 91.04 44.16 56.96
1786307676 91.04 44.16 56.96
1786307677 94.16 45.59 57.36
1786307678 94.16 45.59 57.36
1786307679 94.16 45.59 57.36
1786307680 94.16 45.59 57.36
1786307681 94.16 45.59 57.36
1786307682 92.23 45.99 57.43
1786307683 92.23 45.99 57.43
1786307684 92.23 45.99 57.43
1786307685 92.23 45.99 57.43
1786307686 92.23 45.99 57.43
1786307687 85.48 45.36 57.16
1786307688 85.48 45.36 57.16
1786307689 85.48 45.36 57.16
1786307690 85.48 45.36 57.16
1786307691 85.48 45.36 57.16
1786307692 78.72 44.62 56.86
1786307693 78.72 44.62 56.86
1786307694 78.72 44.62 56.86
1786307695 78.72 44.62 56.86
1786307696 82.98 46.08 57.26
1786307698 82.98 46.08 57.26
1786307699 82.98 46.08 57.26
1786307700 82.98 46.08 57.26
1786307701 82.98 46.08 57.26
1786307702 102.60 50.76 58.72
1786307703 102.60 50.76 58.72
1786307704 102.60 50.76 58.72
1786307705 102.60 50.76 58.72
1786307706 102.60 50.76 58.72
1786307707 95.03 50.05 58.44
1786307708 95.03 50.05 58.44
1786307709 95.03 50.05 58.44
1786307710 95.03 50.05 58.44
1786307711 95.03 50.05 58.44
1786307712 89.74 49.70 58.29
1786307713 89.74 49.70 58.29
1786307714 89.74 49.70 58.29
1786307715 89.74 49.70 58.29
1786307716 89.74 49.70 58.29
1786307717 93.28 51.10 58.69
1786307718 93.28 51.10 58.69
1786307719 93.28 51.10 58.69
1786307720 93.28 51.10 58.69
1786307721 93.28 51.10 58.69
1786307722 96.39 52.44 59.09
1786307723 96.39 52.44 59.09
1786307724 96.39 52.44 59.09
1786307725 96.39 52.44 59.09
1786307726 96.39 52.44 59.09
1786307727 99.72 53.86 59.51
1786307728 99.72 53.86 59.51
1786307729 99.72 53.86 59.51
1786307730 99.72 53.86 59.51
1786307731 99.72 53.86 59.51
1786307732 104.71 55.66 60.06
1786307733 104.71 55.66 60.06
1786307734 104.71 55.66 60.06
1786307735 104.71 55.66 60.06
1786307736 104.71 55.66 60.06
1786307737 107.37 57.02 60.48
1786307738 107.37 57.02 60.48
1786307739 107.37 57.02 60.48
1786307740 107.37 57.02 60.48
1786307741 107.37 57.02 60.48
1786307742 109.50 58.30 60.88
1786307743 109.50 58.30 60.88
1786307744 109.50 58.30 60.88
1786307745 109.50 58.30 60.88
1786307746 109.50 58.30 60.88
1786307747 111.79 59.62 61.29
1786307748 111.79 59.62 61.29
1786307749 111.79 59.62 61.29
1786307750 111.79 59.62 61.29
1786307751 111.79 59.62 61.29
1786307752 113.65 60.88 61.69
1786307753 113.65 60.88 61.69
1786307754 113.65 60.88 61.69
1786307755 113.65 60.88 61.69
1786307756 113.65 60.88 61.69
1786307757 116.08 62.26 62.13
1786307758 116.08 62.26 62.13
1786307759 116.08 62.26 62.13
1786307760 116.08 62.26 62.13
1786307761 116.08 62.26 62.13
1786307762 126.32 65.27 63.11
1786307763 126.32 65.27 63.11
1786307764 126.32 65.27 63.11
1786307765 126.32 65.27 63.11
1786307766 126.32 65.27 63.11
1786307767 116.37 64.22 62.78
1786307768 116.37 64.22 62.78
1786307769 116.37 64.22 62.78
1786307770 116.37 64.22 62.78
1786307771 116.37 64.22 62.78
1786307772 107.37 63.22 62.46
1786307773 107.37 63.22 62.46
1786307774 107.37 63.22 62.46
1786307775 107.37 63.22 62.46
1786307776 107.37 63.22 62.46
1786307777 109.10 64.32 62.82
1786307778 109.10 64.32 62.82
1786307779 109.10 64.32 62.82
1786307780 109.10 64.32 62.82
1786307781 109.10 64.32 62.82
1786307782 110.77 65.41 63.18
1786307783 110.77 65.41 63.18
1786307784 110.77 65.41 63.18
1786307785 110.77 65.41 63.18
1786307786 110.77 65.41 63.18
1786307787 112.39 66.50 63.54
1786307788 112.39 66.50 63.54
1786307789 112.39 66.50 63.54
1786307790 112.39 66.50 63.54
1786307791 112.39 66.50 63.54
1786307792 107.64 66.27 63.49
1786307793 107.64 66.27 63.49
1786307794 107.64 66.27 63.49
1786307795 107.64 66.27 63.49
1786307796 107.64 66.27 63.49
1786307797 109.35 67.31 63.84
1786307798 109.35 67.31 63.84
1786307799 109.35 67.31 63.84
1786307800 109.35 67.31 63.84
1786307801 109.35 67.31 63.84
1786307802 110.84 68.32 64.18
1786307803 110.84 68.32 64.18
1786307804 110.84 68.32 64.18
1786307805 110.84 68.32 64.18
1786307806 110.84 68.32 64.18
1786307807 112.30 69.33 64.53
1786307808 112.30 69.33 64.53
1786307809 112.30 69.33 64.53
1786307810 112.30 69.33 64.53
1786307811 112.30 69.33 64.53
1786307812 113.55 70.30 64.87
1786307813 113.55 70.30 64.87
1786307814 113.55 70.30 64.87
1786307815 113.55 70.30 64.87
1786307816 113.55 70.30 64.87
1786307817 104.62 69.17 64.54
1786307818 104.62 69.17 64.54
1786307819 104.62 69.17 64.54
1786307820 104.62 69.17 64.54
1786307821 104.62 69.17 64.54
1786307822 96.32 68.04 64.19
1786307823 96.32 68.04 64.19
1786307824 96.32 68.04 64.19
1786307825 96.32 68.04 64.19
1786307826 96.32 68.04 64.19
1786307827 88.77 66.94 63.86
1786307828 88.77 66.94 63.86
1786307829 88.77 66.94 63.86
1786307830 88.77 66.94 63.86
1786307831 88.77 66.94 63.86
1786307832 90.79 67.72 64.13
1786307833 90.79 67.72 64.13
1786307834 90.79 67.72 64.13
1786307835 90.79 67.72 64.13
1786307836 90.79 67.72 64.13
1786307837 83.76 66.65 63.80
1786307838 83.76 66.65 63.80
1786307839 83.76 66.65 63.80
1786307840 83.76 66.65 63.80
1786307841 83.76 66.65 63.80
1786307842 87.30 67.67 64.15
1786307843 87.30 67.67 64.15
1786307844 87.30 67.67 64.15
1786307846 87.30 67.67 64.15
1786307847 87.30 67.67 64.15
1786307848 80.47 66.58 63.81
1786307849 80.47 66.58 63.81
1786307850 80.47 66.58 63.81
1786307851 80.47 66.58 63.81
1786307852 80.47 66.58 63.81
1786307853 75.79 65.84 63.59
1786307854 75.79 65.84 63.59
1786307855 75.79 65.84 63.59
1786307856 75.79 65.84 63.59
1786307857 75.79 65.84 63.59
1786307858 80.21 66.92 63.95
1786307859 80.21 66.92 63.95
1786307860 80.21 66.92 63.95
1786307861 80.21 66.92 63.95
1786307862 80.21 66.92 63.95
1786307863 79.23 66.94 63.97
1786307864 79.23 66.94 63.97
1786307865 79.23 66.94 63.97
1786307866 79.23 66.94 63.97
1786307867 83.22 67.97 64.32
1786307868 83.22 67.97 64.32
1786307869 83.22 67.97 64.32
1786307870 83.22 67.97 64.32
1786307871 83.22 67.97 64.32
1786307872 76.63 66.85 63.98
1786307873 76.63 66.85 63.98
1786307874 76.63 66.85 63.98
1786307875 76.63 66.85 63.98
1786307876 76.63 66.85 63.98
1786307877 80.91 67.90 64.34
1786307878 80.91 67.90 64.34
1786307879 80.91 67.90 64.34
1786307880 80.91 67.90 64.34
1786307881 80.91 67.90 64.34
1786307882 84.68 68.90 64.68
1786307883 84.68 68.90 64.68
1786307884 84.68 68.90 64.68
1786307885 84.68 68.90 64.68
1786307886 84.68 68.90 64.68
1786307887 88.23 69.90 65.02
1786307888 88.23 69.90 65.02
1786307889 88.23 69.90 65.02
1786307890 88.23 69.90 65.02
1786307891 88.23 69.90 65.02
1786307892 88.61 70.28 65.17
1786307893 88.61 70.28 65.17
1786307894 88.61 70.28 65.17
1786307895 88.61 70.28 65.17
1786307896 88.61 70.28 65.17
1786307897 92.09 71.31 65.53
1786307898 92.09 71.31 65.53
1786307899 92.09 71.31 65.53
1786307900 92.09 71.31 65.53
1786307901 92.09 71.31 65.53
1786307902 84.87 70.16 65.19
1786307903 84.87 70.16 65.19
1786307904 84.87 70.16 65.19
1786307905 84.87 70.16 65.19
1786307906 84.87 70.16 65.19
1786307907 88.33 71.12 65.53
1786307908 88.33 71.12 65.53
1786307909 88.33 71.12 65.53
1786307910 88.33 71.12 65.53
1786307911 88.33 71.12 65.53
1786307912 91.50 72.06 65.87
1786307913 91.50 72.06 65.87
1786307914 91.50 72.06 65.87
1786307915 91.50 72.06 65.87
1786307916 91.50 72.06 65.87
1786307917 94.51 73.01 66.20
1786307918 94.51 73.01 66.20
1786307919 94.51 73.01 66.20
1786307920 94.51 73.01 66.20
1786307921 94.51 73.01 66.20
1786307922 87.02 71.81 65.85
1786307923 87.02 71.81 65.85
1786307924 87.02 71.81 65.85
1786307925 87.02 71.81 65.85
1786307926 87.02 71.81 65.85
1786307927 80.21 70.65 65.51
1786307928 80.21 70.65 65.51
1786307929 80.21 70.65 65.51
1786307930 80.21 70.65 65.51
1786307931 80.21 70.65 65.51
1786307932 84.04 71.60 65.85
1786307933 84.04 71.60 65.85
1786307934 84.04 71.60 65.85
1786307935 84.04 71.60 65.85
1786307936 84.04 71.60 65.85
1786307937 77.55 70.47 65.51
1786307938 77.55 70.47 65.51
1786307939 77.55 70.47 65.51
1786307940 77.55 70.47 65.51
1786307941 77.55 70.47 65.51
1786307942 81.59 71.42 65.85
1786307943 81.59 71.42 65.85
1786307944 81.59 71.42 65.85
1786307945 81.59 71.42 65.85
1786307946 81.59 71.42 65.85
1786307947 85.30 72.36 66.18
1786307948 85.30 72.36 66.18
1786307949 85.30 72.36 66.18
1786307950 85.30 72.36 66.18
1786307951 85.30 72.36 66.18
1786307952 78.79 71.22 65.85
1786307953 78.79 71.22 65.85
1786307954 78.79 71.22 65.85
1786307955 78.79 71.22 65.85
1786307956 78.79 71.22 65.85
1786307957 72.56 70.06 65.50
1786307958 72.56 70.06 65.50
1786307959 72.56 70.06 65.50
1786307960 72.56 70.06 65.50
1786307961 72.56 70.06 65.50
1786307962 66.83 68.91 65.15
1786307963 66.83 68.91 65.15
1786307964 66.83 68.91 65.15
1786307965 66.83 68.91 65.15
1786307966 66.83 68.91 65.15
1786307967 61.72 67.82 64.82
1786307968 61.72 67.82 64.82
1786307969 61.72 67.82 64.82
1786307970 61.72 67.82 64.82
1786307971 61.72 67.82 64.82
1786307972 56.86 66.71 64.47
1786307973 56.86 66.71 64.47
1786307974 56.86 66.71 64.47
1786307975 56.86 66.71 64.47
1786307976 56.86 66.71 64.47
1786307977 62.64 67.74 64.82
1786307978 62.64 67.74 64.82
1786307979 62.64 67.74 64.82
1786307980 62.64 67.74 64.82
1786307981 62.64 67.74 64.82
1786307982 57.70 66.63 64.48
1786307983 57.70 66.63 64.48
1786307984 57.70 66.63 64.48
1786307985 57.70 66.63 64.48
1786307986 57.70 66.63 64.48
1786307987 56.60 66.26 64.37
1786307988 56.60 66.26 64.37
1786307989 56.60 66.26 64.37
1786307990 56.60 66.26 64.37
1786307991 56.60 66.26 64.37
1786307992 52.39 65.22 64.04
1786307993 52.39 65.22 64.04
1786307994 52.39 65.22 64.04
1786307995 52.39 65.22 64.04
1786307996 52.39 65.22 64.04
1786307997 58.52 66.28 64.39
1786307998 58.52 66.28 64.39
1786307999 58.52 66.28 64.39
1786308000 58.52 66.28 64.39
1786308001 58.52 66.28 64.39
1786308002 64.17 67.32 64.74
1786308004 64.17 67.32 64.74
1786308005 64.17 67.32 64.74
1786308006 64.17 67.32 64.74
1786308007 64.17 67.32 64.74
1786308008 69.28 68.33 65.08
1786308009 69.28 68.33 65.08
1786308010 69.28 68.33 65.08
1786308011 69.28 68.33 65.08
1786308012 69.28 68.33 65.08
1786308013 74.06 69.34 65.42
1786308014 74.06 69.34 65.42
1786308015 74.06 69.34 65.42
1786308016 74.06 69.34 65.42
1786308017 74.06 69.34 65.42
1786308018 78.38 70.31 65.76
1786308019 78.38 70.31 65.76
1786308020 78.38 70.31 65.76
1786308021 78.38 70.31 65.76
1786308022 78.38 70.31 65.76
1786308023 72.19 69.16 65.41
1786308024 72.19 69.16 65.41
1786308025 72.19 69.16 65.41
1786308026 72.19 69.16 65.41
1786308027 72.19 69.16 65.41
1786308028 69.77 68.71 65.28
1786308029 69.77 68.71 65.28
1786308030 69.77 68.71 65.28
1786308031 69.77 68.71 65.28
1786308032 69.77 68.71 65.28
1786308033 74.59 69.73 65.63
1786308034 74.59 69.73 65.63
1786308035 74.59 69.73 65.63
1786308036 74.59 69.73 65.63
1786308037 74.59 69.73 65.63
1786308038 79.03 70.73 65.98
1786308039 79.03 70.73 65.98
1786308040 79.03 70.73 65.98
1786308041 79.03 70.73 65.98
1786308042 79.03 70.73 65.98
1786308043 73.02 69.62 65.64
1786308044 73.02 69.62 65.64
1786308045 73.02 69.62 65.64
1786308046 73.02 69.62 65.64
1786308047 77.58 70.62 65.99
1786308048 77.58 70.62 65.99
1786308049 77.58 70.62 65.99
1786308050 77.58 70.62 65.99
1786308051 77.58 70.62 65.99
1786308052 81.62 71.58 66.32
1786308053 81.62 71.58 66.32
1786308054 81.62 71.58 66.32
1786308055 81.62 71.58 66.32
1786308056 81.62 71.58 66.32
1786308057 85.42 72.53 66.66
1786308058 85.42 72.53 66.66
1786308059 85.42 72.53 66.66
1786308060 85.42 72.53 66.66
1786308061 85.42 72.53 66.66
1786308062 88.91 73.47 67.00
1786308063 88.91 73.47 67.00
1786308064 88.91 73.47 67.00
1786308065 88.91 73.47 67.00
1786308066 88.91 73.47 67.00
1786308067 81.95 72.28 66.65
1786308068 81.95 72.28 66.65
1786308069 81.95 72.28 66.65
1786308070 81.95 72.28 66.65
1786308071 81.95 72.28 66.65
1786308072 85.63 73.21 66.98
1786308073 85.63 73.21 66.98
1786308074 85.63 73.21 66.98
1786308075 85.63 73.21 66.98
1786308076 85.63 73.21 66.98
1786308077 89.03 74.12 67.30
1786308078 89.03 74.12 67.30
1786308079 89.03 74.12 67.30
1786308080 89.03 74.12 67.30
1786308081 89.03 74.12 67.30
1786308082 92.15 75.01 67.63
1786308083 92.15 75.01 67.63
1786308084 92.15 75.01 67.63
1786308085 92.15 75.01 67.63
1786308086 92.15 75.01 67.63
1786308087 84.85 73.78 67.27
1786308088 84.85 73.78 67.27
1786308089 84.85 73.78 67.27
1786308090 84.85 73.78 67.27
1786308091 84.85 73.78 67.27
1786308092 88.54 74.73 67.62
1786308093 88.54 74.73 67.62
1786308094 88.54 74.73 67.62
1786308095 88.54 74.73 67.62
1786308096 88.54 74.73 67.62
1786308097 81.53 73.51 67.26
1786308098 81.53 73.51 67.26
1786308099 81.53 73.51 67.26
1786308100 81.53 73.51 67.26
1786308101 81.53 73.51 67.26
1786308102 75.08 72.30 66.90
1786308103 75.08 72.30 66.90
1786308104 75.08 72.30 66.90
1786308105 75.08 72.30 66.90
1786308106 75.08 72.30 66.90
1786308107 69.15 71.12 66.55
1786308108 69.15 71.12 66.55
1786308109 69.15 71.12 66.55
1786308110 69.15 71.12 66.55
1786308111 69.15 71.12 66.55
1786308112 73.86 72.06 66.88
1786308113 73.86 72.06 66.88
1786308114 73.86 72.06 66.88
1786308115 73.86 72.06 66.88
1786308116 73.86 72.06 66.88
1786308117 68.03 70.88 66.52
1786308118 68.03 70.88 66.52
1786308119 68.03 70.88 66.52
1786308120 68.03 70.88 66.52
1786308121 68.03 70.88 66.52
1786308122 64.98 70.21 66.33
1786308123 64.98 70.21 66.33
1786308124 64.98 70.21 66.33
1786308125 64.98 70.21 66.33
1786308126 64.98 70.21 66.33
1786308127 70.19 71.20 66.67
1786308128 70.19 71.20 66.67
1786308129 70.19 71.20 66.67
1786308130 70.19 71.20 66.67
1786308131 70.19 71.20 66.67
1786308132 64.65 70.03 66.32
1786308133 64.65 70.03 66.32
1786308134 64.65 70.03 66.32
1786308135 64.65 70.03 66.32
1786308136 64.65 70.03 66.32
1786308137 69.80 71.01 66.65
1786308138 69.80 71.01 66.65
1786308139 69.80 71.01 66.65
1786308140 69.80 71.01 66.65
1786308141 69.80 71.01 66.65
1786308142 64.29 69.85 66.30
1786308143 64.29 69.85 66.30
1786308144 64.29 69.85 66.30
1786308145 64.29 69.85 66.30
1786308146 64.29 69.85 66.30
1786308147 59.30 68.72 65.95
1786308148 59.30 68.72 65.95
1786308149 59.30 68.72 65.95
1786308150 59.30 68.72 65.95
1786308151 59.30 68.72 65.95
1786308152 64.89 69.72 66.29
1786308153 64.89 69.72 66.29
1786308154 64.89 69.72 66.29
1786308155 64.89 69.72 66.29
1786308156 64.89 69.72 66.29
1786308157 70.18 70.74 66.64
1786308158 70.18 70.74 66.64
1786308159 70.18 70.74 66.64
1786308161 70.18 70.74 66.64
1786308162 70.18 70.74 66.64
1786308163 65.44 69.75 66.34
1786308164 65.44 69.75 66.34
1786308165 65.44 69.75 66.34
1786308166 65.44 69.75 66.34
1786308167 65.44 69.75 66.34
1786308168 70.61 70.75 66.68
1786308169 70.61 70.75 66.68
1786308170 70.61 70.75 66.68
1786308171 70.61 70.75 66.68
1786308172 70.61 70.75 66.68
1786308173 65.04 69.59 66.33
1786308174 65.04 69.59 66.33
1786308175 65.04 69.59 66.33
1786308176 65.04 69.59 66.33
1786308177 65.04 69.59 66.33
1786308178 59.91 68.45 65.98
1786308179 59.91 68.45 65.98
1786308180 59.91 68.45 65.98
1786308181 59.91 68.45 65.98
1786308182 59.91 68.45 65.98
1786308183 61.52 68.64 66.06
1786308184 61.52 68.64 66.06
1786308185 61.52 68.64 66.06
1786308186 61.52 68.64 66.06
1786308187 61.52 68.64 66.06
1786308188 65.48 69.35 66.30
1786308189 65.48 69.35 66.30
1786308190 65.48 69.35 66.30
1786308191 65.48 69.35 66.30
1786308192 65.48 69.35 66.30
1786308193 70.57 70.34 66.63
1786308194 70.57 70.34 66.63
1786308195 70.57 70.34 66.63
1786308196 70.57 70.34 66.63
1786308197 70.57 70.34 66.63
1786308198 75.17 71.30 66.96
1786308199 75.17 71.30 66.96
1786308200 75.17 71.30 66.96
1786308201 75.17 71.30 66.96
1786308202 75.17 71.30 66.96
1786308203 79.40 72.24 67.29
1786308204 79.40 72.24 67.29
1786308205 79.40 72.24 67.29
1786308206 79.40 72.24 67.29
1786308207 79.40 72.24 67.29
1786308208 83.37 73.18 67.62
1786308209 83.37 73.18 67.62
1786308210 83.37 73.18 67.62
1786308211 83.37 73.18 67.62
1786308212 83.37 73.18 67.62
1786308213 87.02 74.11 67.95
1786308214 87.02 74.11 67.95
1786308215 87.02 74.11 67.95
1786308216 87.02 74.11 67.95
1786308217 87.02 74.11 67.95
1786308218 80.30 72.93 67.60
1786308219 80.30 72.93 67.60
1786308220 80.30 72.93 67.60
1786308221 80.30 72.93 67.60
1786308222 80.30 72.93 67.60
1786308223 84.12 73.84 67.93
1786308224 84.12 73.84 67.93
1786308225 84.12 73.84 67.93
1786308226 84.12 73.84 67.93
1786308227 77.46 72.63 67.57
1786308228 77.46 72.63 67.57
1786308229 77.46 72.63 67.57
1786308230 77.46 72.63 67.57
1786308231 77.46 72.63 67.57
1786308232 81.51 73.55 67.89
1786308233 81.51 73.55 67.89
1786308234 81.51 73.55 67.89
1786308235 81.51 73.55 67.89
1786308236 81.51 73.55 67.89
1786308237 75.30 72.40 67.55
1786308238 75.30 72.40 67.55
1786308239 75.30 72.40 67.55
1786308240 75.30 72.40 67.55
1786308241 75.30 72.40 67.55
1786308242 69.35 71.21 67.19
1786308243 69.35 71.21 67.19
1786308244 69.35 71.21 67.19
1786308245 69.35 71.21 67.19
1786308246 69.35 71.21 67.19
1786308247 73.81 72.10 67.50
1786308248 73.81 72.10 67.50
1786308249 73.81 72.10 67.50
1786308250 73.81 72.10 67.50
1786308251 73.81 72.10 67.50
1786308252 78.23 73.05 67.83
1786308253 78.23 73.05 67.83
1786308254 78.23 73.05 67.83
1786308255 78.23 73.05 67.83
1786308256 78.23 73.05 67.83
1786308257 82.21 73.96 68.16
1786308258 82.21 73.96 68.16
1786308259 82.21 73.96 68.16
1786308260 82.21 73.96 68.16
1786308261 82.21 73.96 68.16
1786308262 85.96 74.87 68.48
1786308263 85.96 74.87 68.48
1786308264 85.96 74.87 68.48
