1786415767 350.47 298.34 224.20
1786415768 323.05 293.52 223.04
1786415769 323.05 293.52 223.04
1786415770 323.05 293.52 223.04
1786415771 323.05 293.52 223.04
1786415772 323.05 293.52 223.04
1786415773 297.82 288.78 221.88
1786415774 297.82 288.78 221.88
1786415775 297.82 288.78 221.88
1786415776 297.82 288.78 221.88
1786415777 297.82 288.78 221.88
1786415778 274.61 284.12 220.74
1786415779 274.61 284.12 220.74
1786415780 274.61 284.12 220.74
1786415781 274.61 284.12 220.74
1786415782 274.61 284.12 220.74
1786415783 253.34 279.55 219.60
1786415784 253.34 279.55 219.60
1786415785 253.34 279.55 219.60
1786415786 253.34 279.55 219.60
1786415787 253.34 279.55 219.60
1786415788 233.85 275.07 218.47
1786415789 233.85 275.07 218.47
1786415790 233.85 275.07 218.47
1786415791 233.85 275.07 218.47
1786415792 215.93 270.67 217.35
1786415793 215.93 270.67 217.35
1786415794 215.93 270.67 217.35
1786415795 215.93 270.67 217.35
1786415796 215.93 270.67 217.35
1786415797 212.73 269.10 217.13
1786415798 212.73 269.10 217.13
1786415799 212.73 269.10 217.13
1786415800 212.73 269.10 217.13
1786415801 212.73 269.10 217.13
1786415802 207.71 267.12 216.77
1786415803 207.71 267.12 216.77
1786415804 207.71 267.12 216.77
1786415805 207.71 267.12 216.77
1786415806 207.71 267.12 216.77
1786415807 200.92 264.73 216.27
1786415808 200.92 264.73 216.27
1786415809 200.92 264.73 216.27
1786415810 200.92 264.73 216.27
1786415811 200.92 264.73 216.27
1786415812 193.16 262.06 215.66
1786415813 193.16 262.06 215.66
1786415814 193.16 262.06 215.66
1786415816 193.16 262.06 215.66
1786415817 193.16 262.06 215.66
1786415818 189.39 260.14 215.29
1786415819 189.39 260.14 215.29
1786415820 189.39 260.14 215.29
1786415821 189.39 260.14 215.29
1786415822 189.39 260.14 215.29
1786415823 184.31 257.91 214.81
1786415824 184.31 257.91 214.81
1786415825 184.31 257.91 214.81
1786415826 184.31 257.91 214.81
1786415827 184.31 257.91 214.81
1786415828 177.56 255.29 214.19
1786415829 177.56 255.29 214.19
1786415830 177.56 255.29 214.19
1786415831 177.56 255.29 214.19
1786415832 177.56 255.29 214.19
1786415833 173.67 253.19 213.73
1786415834 173.67 253.19 213.73
1786415835 173.67 253.19 213.73
1786415836 173.67 253.19 213.73
1786415837 173.67 253.19 213.73
1786415838 167.93 250.68 213.13
1786415839 167.93 250.68 213.13
1786415840 167.93 250.68 213.13
1786415841 167.93 250.68 213.13
1786415842 167.93 250.68 213.13
1786415843 165.77 248.86 212.74
1786415844 165.77 248.86 212.74
1786415845 165.77 248.86 212.74
1786415846 165.77 248.86 212.74
1786415847 165.77 248.86 212.74
1786415848 168.67 248.08 212.69
1786415849 168.67 248.08 212.69
1786415850 168.67 248.08 212.69
1786415851 168.67 248.08 212.69
1786415852 168.67 248.08 212.69
1786415853 164.30 245.85 212.16
1786415854 164.30 245.85 212.16
1786415855 164.30 245.85 212.16
1786415856 164.30 245.85 212.16
1786415857 164.30 245.85 212.16
1786415858 160.03 243.62 211.61
1786415859 160.03 243.62 211.61
1786415860 160.03 243.62 211.61
1786415861 160.03 243.62 211.61
1786415862 160.03 243.62 211.61
1786415863 162.67 242.77 211.51
1786415864 162.67 242.77 211.51
1786415865 162.67 242.77 211.51
1786415866 162.67 242.77 211.51
1786415867 162.67 242.77 211.51
1786415868 156.69 240.20 210.85
1786415869 156.69 240.20 210.85
1786415870 156.69 240.20 210.85
1786415871 156.69 240.20 210.85
1786415872 156.69 240.20 210.85
1786415873 157.11 238.91 210.59
1786415874 157.11 238.91 210.59
1786415875 157.11 238.91 210.59
1786415876 157.11 238.91 210.59
1786415877 157.11 238.91 210.59
1786415878 148.78 235.82 209.74
1786415879 148.78 235.82 209.74
1786415880 148.78 235.82 209.74
1786415881 148.78 235.82 209.74
1786415882 148.78 235.82 209.74
1786415883 144.71 233.53 209.14
1786415884 144.71 233.53 209.14
1786415885 144.71 233.53 209.14
1786415886 144.71 233.53 209.14
1786415887 144.71 233.53 209.14
1786415888 139.77 231.03 208.46
1786415889 139.77 231.03 208.46
1786415890 139.77 231.03 208.46
1786415891 139.77 231.03 208.46
1786415892 139.77 231.03 208.46
1786415893 132.66 228.04 207.62
1786415894 132.66 228.04 207.62
1786415895 132.66 228.04 207.62
1786415896 132.66 228.04 207.62
1786415897 132.66 228.04 207.62
1786415898 122.12 224.27 206.51
