1786397519 19.60 11.76 12.57
1786397520 19.60 11.76 12.57
1786397521 19.60 11.76 12.57
1786397522 19.60 11.76 12.57
1786397523 18.11 11.58 12.51
1786397524 18.11 11.58 12.51
1786397525 18.11 11.58 12.51
1786397527 18.11 11.58 12.51
1786397528 18.11 11.58 12.51
1786397529 16.82 11.42 12.45
1786397530 16.82 11.42 12.45
1786397531 16.82 11.42 12.45
1786397532 16.82 11.42 12.45
1786397533 16.82 11.42 12.45
1786397534 15.79 11.30 12.41
1786397535 15.79 11.30 12.41
1786397536 15.79 11.30 12.41
1786397537 15.79 11.30 12.41
1786397538 15.79 11.30 12.41
1786397539 14.69 11.14 12.35
1786397540 14.69 11.14 12.35
1786397541 14.69 11.14 12.35
1786397542 14.69 11.14 12.35
1786397543 14.69 11.14 12.35
1786397544 13.67 10.99 12.30
1786397545 13.67 10.99 12.30
1786397546 13.67 10.99 12.30
1786397547 13.67 10.99 12.30
1786397548 13.67 10.99 12.30
1786397549 12.98 10.89 12.26
1786397550 12.98 10.89 12.26
1786397551 12.98 10.89 12.26
1786397552 12.98 10.89 12.26
1786397553 12.98 10.89 12.26
1786397554 12.02 10.72 12.20
1786397555 12.02 10.72 12.20
1786397556 12.02 10.72 12.20
1786397557 12.02 10.72 12.20
1786397558 12.02 10.72 12.20
1786397559 11.30 10.60 12.15
1786397560 11.30 10.60 12.15
1786397561 11.30 10.60 12.15
1786397562 11.30 10.60 12.15
1786397563 10.47 10.44 12.09
1786397564 10.47 10.44 12.09
1786397565 10.47 10.44 12.09
1786397566 10.47 10.44 12.09
1786397567 10.47 10.44 12.09
1786397568 9.71 10.28 12.03
1786397569 9.71 10.28 12.03
1786397570 9.71 10.28 12.03
1786397571 9.71 10.28 12.03
1786397572 9.71 10.28 12.03
1786397573 9.09 10.14 11.97
1786397574 9.09 10.14 11.97
1786397575 9.09 10.14 11.97
1786397576 9.09 10.14 11.97
1786397577 9.09 10.14 11.97
1786397578 8.45 9.99 11.91
1786397579 8.45 9.99 11.91
1786397580 8.45 9.99 11.91
1786397581 8.45 9.99 11.91
1786397582 8.45 9.99 11.91
1786397583 7.93 9.86 11.86
1786397584 7.93 9.86 11.86
1786397585 7.93 9.86 11.86
1786397586 7.93 9.86 11.86
1786397587 7.93 9.86 11.86
1786397588 7.37 9.71 11.80
1786397589 7.37 9.71 11.80
1786397590 7.37 9.71 11.80
1786397591 7.37 9.71 11.80
1786397592 7.37 9.71 11.80
1786397593 6.94 9.58 11.75
1786397594 6.94 9.58 11.75
1786397595 6.94 9.58 11.75
1786397596 6.94 9.58 11.75
1786397597 6.94 9.58 11.75
1786397598 6.63 9.47 11.70
1786397599 6.63 9.47 11.70
1786397600 6.63 9.47 11.70
1786397601 6.63 9.47 11.70
1786397602 6.63 9.47 11.70
1786397603 6.18 9.33 11.64
1786397604 6.18 9.33 11.64
1786397605 6.18 9.33 11.64
1786397606 6.18 9.33 11.64
1786397607 6.18 9.33 11.64
1786397608 5.76 9.19 11.59
1786397609 5.76 9.19 11.59
1786397610 5.76 9.19 11.59
1786397611 5.76 9.19 11.59
1786397612 5.76 9.19 11.59
1786397613 5.46 9.07 11.54
1786397614 5.46 9.07 11.54
1786397615 5.46 9.07 11.54
1786397616 5.46 9.07 11.54
1786397617 5.46 9.07 11.54
1786397618 5.26 8.97 11.49
1786397619 5.26 8.97 11.49
1786397620 5.26 8.97 11.49
1786397621 5.26 8.97 11.49
1786397622 5.26 8.97 11.49
1786397623 4.92 8.84 11.43
1786397624 4.92 8.84 11.43
1786397625 4.92 8.84 11.43
1786397626 4.92 8.84 11.43
1786397627 4.92 8.84 11.43
1786397628 4.69 8.73 11.38
1786397629 4.69 8.73 11.38
1786397630 4.69 8.73 11.38
1786397631 4.69 8.73 11.38
1786397632 4.69 8.73 11.38
1786397633 4.39 8.60 11.33
1786397634 4.39 8.60 11.33
1786397635 4.39 8.60 11.33
1786397636 4.39 8.60 11.33
1786397637 4.39 8.60 11.33
1786397638 4.68 8.59 11.31
1786397639 4.68 8.59 11.31
1786397640 4.68 8.59 11.31
1786397641 4.68 8.59 11.31
1786397642 4.68 8.59 11.31
1786397643 20.24 11.75 12.32
1786397644 20.24 11.75 12.32
1786397645 20.24 11.75 12.32
1786397646 20.24 11.75 12.32
1786397647 20.24 11.75 12.32
1786397648 18.78 11.59 12.26
1786397649 18.78 11.59 12.26
1786397650 18.78 11.59 12.26
1786397651 18.78 11.59 12.26
1786397652 18.78 11.59 12.26
1786397653 17.36 11.41 12.20
1786397654 17.36 11.41 12.20
1786397655 17.36 11.41 12.20
1786397656 17.36 11.41 12.20
1786397657 17.36 11.41 12.20
1786397658 16.13 11.25 12.14
1786397659 16.13 11.25 12.14
1786397660 16.13 11.25 12.14
1786397661 16.13 11.25 12.14
1786397662 16.13 11.25 12.14
1786397663 14.91 11.08 12.08
1786397664 14.91 11.08 12.08
1786397665 14.91 11.08 12.08
1786397666 14.91 11.08 12.08
1786397667 14.91 11.08 12.08
1786397668 13.96 10.95 12.04
1786397669 13.96 10.95 12.04
