1786414369 289.29 278.37 159.13
1786414370 289.29 278.37 159.13
1786414371 289.29 278.37 159.13
1786414372 266.84 273.90 158.33
1786414373 266.84 273.90 158.33
1786414374 266.84 273.90 158.33
1786414375 266.84 273.90 158.33
1786414376 266.84 273.90 158.33
1786414377 246.43 269.55 157.54
1786414378 246.43 269.55 157.54
1786414379 246.43 269.55 157.54
1786414380 246.43 269.55 157.54
1786414381 246.43 269.55 157.54
1786414382 227.50 265.24 156.75
1786414383 227.50 265.24 156.75
1786414384 227.50 265.24 156.75
1786414385 227.50 265.24 156.75
1786414386 209.92 260.97 155.95
1786414387 209.92 260.97 155.95
1786414388 209.92 260.97 155.95
1786414389 209.92 260.97 155.95
1786414390 209.92 260.97 155.95
1786414391 193.27 256.67 155.12
1786414392 193.27 256.67 155.12
1786414393 193.27 256.67 155.12
1786414394 193.27 256.67 155.12
1786414395 193.27 256.67 155.12
1786414396 178.60 252.58 154.34
1786414398 178.60 252.58 154.34
1786414399 178.60 252.58 154.34
1786414400 178.60 252.58 154.34
1786414401 178.60 252.58 154.34
1786414402 198.57 255.49 155.81
1786414403 198.57 255.49 155.81
1786414404 198.57 255.49 155.81
1786414405 198.57 255.49 155.81
1786414406 198.57 255.49 155.81
1786414407 223.75 259.76 157.73
1786414408 223.75 259.76 157.73
1786414409 223.75 259.76 157.73
1786414410 223.75 259.76 157.73
1786414411 223.75 259.76 157.73
1786414412 270.21 268.80 161.20
1786414413 270.21 268.80 161.20
1786414414 270.21 268.80 161.20
1786414415 270.21 268.80 161.20
1786414416 290.06 272.94 163.12
1786414417 290.06 272.94 163.12
1786414418 290.06 272.94 163.12
1786414419 290.06 272.94 163.12
1786414420 290.06 272.94 163.12
1786414421 287.73 272.74 163.64
1786414422 287.73 272.74 163.64
1786414424 287.73 272.74 163.64
1786414425 287.73 272.74 163.64
1786414426 287.73 272.74 163.64
1786414427 304.73 276.51 165.45
1786414428 304.73 276.51 165.45
1786414429 304.73 276.51 165.45
1786414430 304.73 276.51 165.45
1786414431 304.73 276.51 165.45
1786414432 335.58 283.38 168.27
1786414433 335.58 283.38 168.27
1786414434 335.58 283.38 168.27
1786414435 335.58 283.38 168.27
1786414436 335.58 283.38 168.27
1786414437 330.49 283.19 168.83
1786414438 330.49 283.19 168.83
1786414439 330.49 283.19 168.83
1786414440 330.49 283.19 168.83
1786414441 330.49 283.19 168.83
1786414442 351.91 288.41 171.13
1786414443 351.91 288.41 171.13
1786414444 351.91 288.41 171.13
1786414445 351.91 288.41 171.13
1786414446 362.17 291.59 172.79
1786414447 362.17 291.59 172.79
1786414448 362.17 291.59 172.79
1786414449 362.17 291.59 172.79
1786414450 362.17 291.59 172.79
1786414451 370.96 294.59 174.40
1786414452 370.96 294.59 174.40
1786414454 370.96 294.59 174.40
1786414455 370.96 294.59 174.40
1786414456 370.96 294.59 174.40
1786414457 383.14 298.38 176.27
1786414458 383.14 298.38 176.27
1786414459 383.14 298.38 176.27
1786414460 383.14 298.38 176.27
1786414461 383.14 298.38 176.27
1786414462 391.14 301.45 177.92
1786414463 391.14 301.45 177.92
1786414464 391.14 301.45 177.92
1786414465 391.14 301.45 177.92
1786414466 391.14 301.45 177.92
1786414467 391.68 303.05 179.10
1786414468 391.68 303.05 179.10
1786414469 391.68 303.05 179.10
1786414470 391.68 303.05 179.10
1786414471 391.68 303.05 179.10
1786414472 361.12 298.18 178.19
1786414473 361.12 298.18 178.19
1786414474 361.12 298.18 178.19
1786414475 361.12 298.18 178.19
1786414476 361.12 298.18 178.19
1786414477 353.50 297.65 178.66
1786414478 353.50 297.65 178.66
1786414479 353.50 297.65 178.66
1786414480 353.50 297.65 178.66
1786414481 353.50 297.65 178.66
1786414482 336.41 295.03 178.46
1786414483 336.41 295.03 178.46
1786414484 336.41 295.03 178.46
1786414485 336.41 295.03 178.46
1786414486 336.41 295.03 178.46
1786414487 310.51 290.35 177.57
1786414488 310.51 290.35 177.57
1786414489 310.51 290.35 177.57
1786414490 310.51 290.35 177.57
1786414491 310.51 290.35 177.57
1786414492 306.78 289.91 178.03
1786414493 306.78 289.91 178.03
1786414494 306.78 289.91 178.03
1786414495 306.78 289.91 178.03
1786414496 306.78 289.91 178.03
1786414497 290.54 286.83 177.63
1786414498 290.54 286.83 177.63
1786414499 290.54 286.83 177.63
1786414500 290.54 286.83 177.63
1786414501 280.65 284.84 177.58
1786414502 280.65 284.84 177.58
1786414503 280.65 284.84 177.58
1786414504 280.65 284.84 177.58
1786414505 280.65 284.84 177.58
1786414507 258.42 280.16 176.64
1786414508 258.42 280.16 176.64
1786414509 258.42 280.16 176.64
1786414510 258.42 280.16 176.64
1786414511 258.42 280.16 176.64
1786414512 237.80 275.52 175.69
1786414513 237.80 275.52 175.69
1786414514 237.80 275.52 175.69
1786414515 237.80 275.52 175.69
1786414516 237.80 275.52 175.69
1786414517 218.92 270.98 174.76
1786414518 218.92 270.98 174.76
1786414519 218.92 270.98 174.76
1786414520 218.92 270.98 174.76
1786414521 218.92 270.98 174.76
1786414522 201.47 266.50 173.83
1786414523 201.47 266.50 173.83
1786414524 201.47 266.50 173.83
1786414525 201.47 266.50 173.83
1786414526 201.47 266.50 173.83
1786414527 224.97 270.29 175.55
1786414528 224.97 270.29 175.55
1786414529 224.97 270.29 175.55
1786414530 224.97 270.29 175.55
1786414531 246.20 273.94 177.24
1786414532 246.20 273.94 177.24
1786414533 246.20 273.94 177.24
1786414534 246.20 273.94 177.24
1786414536 246.20 273.94 177.24
1786414537 253.31 274.95 178.09
1786414538 253.31 274.95 178.09
1786414539 253.31 274.95 178.09
1786414540 253.31 274.95 178.09
1786414541 253.31 274.95 178.09
1786414542 272.50 278.57 179.78
1786414543 272.50 278.57 179.78
1786414544 272.50 278.57 179.78
1786414545 272.50 278.57 179.78
1786414546 272.50 278.57 179.78
1786414547 278.39 279.69 180.67
1786414548 278.39 279.69 180.67
1786414549 278.39 279.69 180.67
1786414550 278.39 279.69 180.67
1786414551 278.39 279.69 180.67
1786414552 288.53 281.77 181.88
1786414553 288.53 281.77 181.88
1786414554 288.53 281.77 181.88
1786414555 288.53 281.77 181.88
1786414556 288.53 281.77 181.88
1786414557 276.47 279.39 181.64
1786414558 276.47 279.39 181.64
1786414559 276.47 279.39 181.64
1786414560 276.47 279.39 181.64
1786414561 276.47 279.39 181.64
1786414562 255.22 274.93 180.73
1786414563 255.22 274.93 180.73
1786414564 255.22 274.93 180.73
1786414565 255.22 274.93 180.73
1786414566 255.22 274.93 180.73
1786414567 239.18 271.28 180.05
1786414568 239.18 271.28 180.05
1786414569 239.18 271.28 180.05
1786414570 239.18 271.28 180.05
1786414571 239.18 271.28 180.05
1786414572 220.43 266.86 179.11
1786414573 220.43 266.86 179.11
1786414574 220.43 266.86 179.11
1786414575 220.43 266.86 179.11
1786414576 203.02 262.48 178.16
