1786313006 27.43 47.44 162.69
1786313007 25.71 46.75 161.85
1786313008 25.71 46.75 161.85
1786313009 25.71 46.75 161.85
1786313010 25.71 46.75 161.85
1786313011 25.71 46.75 161.85
1786313012 39.43 49.25 162.04
1786313013 39.43 49.25 162.04
1786313014 39.43 49.25 162.04
1786313015 39.43 49.25 162.04
1786313016 39.43 49.25 162.04
1786313017 36.59 48.49 161.19
1786313018 36.59 48.49 161.19
1786313019 36.59 48.49 161.19
1786313020 36.59 48.49 161.19
1786313021 36.59 48.49 161.19
1786313022 34.22 47.81 160.36
1786313023 34.22 47.81 160.36
1786313024 34.22 47.81 160.36
1786313025 34.22 47.81 160.36
1786313026 34.22 47.81 160.36
1786313027 32.04 47.13 159.54
1786313028 32.04 47.13 159.54
1786313029 32.04 47.13 159.54
1786313030 32.04 47.13 159.54
1786313031 32.04 47.13 159.54
1786313032 32.84 47.04 158.91
1786313033 32.84 47.04 158.91
1786313034 32.84 47.04 158.91
1786313035 32.84 47.04 158.91
1786313036 30.85 46.39 158.10
1786313037 30.85 46.39 158.10
1786313038 30.85 46.39 158.10
1786313039 30.85 46.39 158.10
1786313040 30.85 46.39 158.10
1786313041 28.94 45.74 157.28
1786313042 28.94 45.74 157.28
1786313043 28.94 45.74 157.28
1786313044 28.94 45.74 157.28
1786313045 28.94 45.74 157.28
1786313046 27.02 45.06 156.46
1786313047 27.02 45.06 156.46
1786313048 27.02 45.06 156.46
1786313049 27.02 45.06 156.46
1786313050 27.02 45.06 156.46
1786313051 29.10 45.19 155.91
1786313052 29.10 45.19 155.91
1786313053 29.10 45.19 155.91
1786313054 29.10 45.19 155.91
1786313055 29.10 45.19 155.91
1786313056 31.10 45.34 155.36
1786313057 31.10 45.34 155.36
1786313058 31.10 45.34 155.36
1786313059 31.10 45.34 155.36
1786313060 31.10 45.34 155.36
1786313061 29.09 44.69 154.56
1786313062 29.09 44.69 154.56
1786313063 29.09 44.69 154.56
1786313064 29.09 44.69 154.56
1786313065 29.09 44.69 154.56
1786313066 27.48 44.09 153.78
1786313067 27.48 44.09 153.78
1786313068 27.48 44.09 153.78
1786313069 27.48 44.09 153.78
1786313070 27.48 44.09 153.78
1786313071 25.60 43.43 152.97
1786313072 25.60 43.43 152.97
1786313073 25.60 43.43 152.97
1786313074 25.60 43.43 152.97
1786313075 25.60 43.43 152.97
1786313076 28.19 43.67 152.46
1786313077 28.19 43.67 152.46
1786313078 28.19 43.67 152.46
1786313079 28.19 43.67 152.46
1786313080 28.19 43.67 152.46
1786313081 26.26 43.01 151.66
1786313082 26.26 43.01 151.66
1786313083 26.26 43.01 151.66
1786313084 26.26 43.01 151.66
1786313085 26.26 43.01 151.66
1786313086 34.32 44.41 151.53
1786313087 34.32 44.41 151.53
1786313088 34.32 44.41 151.53
1786313089 34.32 44.41 151.53
1786313090 34.32 44.41 151.53
1786313091 35.90 44.57 151.01
1786313092 35.90 44.57 151.01
1786313093 35.90 44.57 151.01
1786313094 35.90 44.57 151.01
1786313095 35.90 44.57 151.01
1786313096 33.82 43.99 150.25
1786313097 33.82 43.99 150.25
1786313098 33.82 43.99 150.25
1786313099 33.82 43.99 150.25
1786313100 33.82 43.99 150.25
1786313101 32.00 43.44 149.50
1786313102 32.00 43.44 149.50
1786313103 32.00 43.44 149.50
1786313104 32.00 43.44 149.50
1786313105 32.00 43.44 149.50
1786313106 33.84 43.64 148.99
1786313107 33.84 43.64 148.99
1786313108 33.84 43.64 148.99
1786313109 33.84 43.64 148.99
1786313110 33.84 43.64 148.99
1786313111 31.61 43.01 148.23
1786313112 31.61 43.01 148.23
1786313113 31.61 43.01 148.23
1786313114 31.61 43.01 148.23
1786313115 31.61 43.01 148.23
1786313116 29.64 42.41 147.47
1786313117 29.64 42.41 147.47
1786313118 29.64 42.41 147.47
1786313119 29.64 42.41 147.47
1786313120 29.64 42.41 147.47
1786313121 33.03 42.90 147.06
1786313122 33.03 42.90 147.06
1786313123 33.03 42.90 147.06
1786313124 33.03 42.90 147.06
1786313125 33.03 42.90 147.06
1786313126 33.27 42.79 146.46
1786313127 33.27 42.79 146.46
1786313128 33.27 42.79 146.46
1786313129 33.27 42.79 146.46
1786313130 33.27 42.79 146.46
1786313131 30.84 42.13 145.69
1786313132 30.84 42.13 145.69
1786313133 30.84 42.13 145.69
