1786409417 14.00 15.73 63.25
1786409418 13.04 15.50 62.92
1786409419 13.04 15.50 62.92
1786409420 13.04 15.50 62.92
1786409421 13.04 15.50 62.92
1786409422 13.04 15.50 62.92
1786409423 12.32 15.31 62.60
1786409424 12.32 15.31 62.60
1786409425 12.32 15.31 62.60
1786409426 12.32 15.31 62.60
1786409427 12.32 15.31 62.60
1786409428 11.65 15.12 62.29
1786409429 11.65 15.12 62.29
1786409430 11.65 15.12 62.29
1786409431 11.65 15.12 62.29
1786409432 10.88 14.90 61.96
1786409433 10.88 14.90 61.96
1786409434 10.88 14.90 61.96
1786409435 10.88 14.90 61.96
1786409436 10.88 14.90 61.96
1786409437 10.33 14.72 61.65
1786409438 10.33 14.72 61.65
1786409439 10.33 14.72 61.65
1786409440 10.33 14.72 61.65
1786409441 10.33 14.72 61.65
1786409442 9.98 14.58 61.35
1786409443 9.98 14.58 61.35
1786409444 9.98 14.58 61.35
1786409445 9.98 14.58 61.35
1786409446 9.98 14.58 61.35
1786409447 29.92 18.63 62.42
1786409448 29.92 18.63 62.42
1786409449 29.92 18.63 62.42
1786409450 29.92 18.63 62.42
1786409451 29.92 18.63 62.42
1786409452 27.85 18.39 62.10
1786409453 27.85 18.39 62.10
1786409454 27.85 18.39 62.10
1786409455 27.85 18.39 62.10
1786409456 27.85 18.39 62.10
1786409457 36.03 20.24 62.47
1786409458 36.03 20.24 62.47
1786409459 36.03 20.24 62.47
1786409460 36.03 20.24 62.47
1786409461 36.03 20.24 62.47
1786409462 33.38 19.96 62.15
1786409463 33.38 19.96 62.15
1786409464 33.38 19.96 62.15
1786409465 33.38 19.96 62.15
1786409466 33.38 19.96 62.15
1786409468 30.95 19.68 61.83
1786409469 30.95 19.68 61.83
1786409470 30.95 19.68 61.83
1786409471 30.95 19.68 61.83
1786409472 30.95 19.68 61.83
1786409473 28.87 19.43 61.52
1786409474 28.87 19.43 61.52
1786409475 28.87 19.43 61.52
1786409476 28.87 19.43 61.52
1786409477 28.87 19.43 61.52
1786409478 27.12 19.23 61.23
1786409479 27.12 19.23 61.23
1786409480 27.12 19.23 61.23
1786409481 27.12 19.23 61.23
1786409482 27.12 19.23 61.23
1786409483 31.03 20.17 61.31
1786409484 31.03 20.17 61.31
1786409485 31.03 20.17 61.31
1786409486 31.03 20.17 61.31
1786409487 31.03 20.17 61.31
1786409488 28.87 19.90 61.00
1786409489 28.87 19.90 61.00
1786409490 28.87 19.90 61.00
1786409491 28.87 19.90 61.00
1786409492 28.87 19.90 61.00
1786409493 26.72 19.60 60.68
1786409494 26.72 19.60 60.68
1786409495 26.72 19.60 60.68
1786409496 26.72 19.60 60.68
1786409497 26.72 19.60 60.68
1786409498 35.07 21.45 61.06
1786409499 35.07 21.45 61.06
1786409500 35.07 21.45 61.06
1786409501 35.07 21.45 61.06
1786409502 35.07 21.45 61.06
1786409503 42.67 23.25 61.43
1786409504 42.67 23.25 61.43
1786409505 42.67 23.25 61.43
1786409506 42.67 23.25 61.43
1786409507 42.67 23.25 61.43
1786409508 39.49 22.92 61.12
1786409509 39.49 22.92 61.12
1786409510 39.49 22.92 61.12
1786409511 39.49 22.92 61.12
1786409512 39.49 22.92 61.12
1786409513 36.89 22.65 60.83
1786409514 36.89 22.65 60.83
1786409515 36.89 22.65 60.83
1786409516 36.89 22.65 60.83
1786409517 36.89 22.65 60.83
1786409518 34.26 22.34 60.52
1786409519 34.26 22.34 60.52
1786409520 34.26 22.34 60.52
1786409521 34.26 22.34 60.52
1786409522 34.26 22.34 60.52
1786409523 31.99 22.07 60.23
1786409524 31.99 22.07 60.23
1786409525 31.99 22.07 60.23
1786409526 31.99 22.07 60.23
1786409527 31.99 22.07 60.23
1786409528 39.76 23.85 60.60
1786409529 39.76 23.85 60.60
1786409530 39.76 23.85 60.60
1786409531 39.76 23.85 60.60
1786409532 39.76 23.85 60.60
1786409533 36.74 23.48 60.28
1786409534 36.74 23.48 60.28
1786409535 36.74 23.48 60.28
1786409536 36.74 23.48 60.28
1786409537 36.74 23.48 60.28
1786409538 34.04 23.14 59.98
1786409539 34.04 23.14 59.98
1786409540 34.04 23.14 59.98
1786409541 34.04 23.14 59.98
1786409542 34.04 23.14 59.98
1786409543 33.31 23.18 59.79
1786409544 33.31 23.18 59.79
1786409545 33.31 23.18 59.79
1786409546 33.31 23.18 59.79
1786409547 33.31 23.18 59.79
1786409548 30.88 22.84 59.48
1786409549 30.88 22.84 59.48
1786409550 30.88 22.84 59.48
1786409551 30.88 22.84 59.48
1786409552 30.88 22.84 59.48
1786409553 38.66 24.59 59.85
1786409554 38.66 24.59 59.85
1786409555 38.66 24.59 59.85
1786409556 38.66 24.59 59.85
1786409557 38.66 24.59 59.85
1786409558 35.89 24.25 59.55
1786409559 35.89 24.25 59.55
1786409560 35.89 24.25 59.55
1786409561 35.89 24.25 59.55
1786409562 35.89 24.25 59.55
1786409563 48.87 27.13 60.29
1786409564 48.87 27.13 60.29
1786409565 48.87 27.13 60.29
1786409566 48.87 27.13 60.29
1786409567 48.87 27.13 60.29
1786409568 45.35 26.76 60.00
1786409569 45.35 26.76 60.00
1786409570 45.35 26.76 60.00
1786409571 45.35 26.76 60.00
1786409572 45.35 26.76 60.00
1786409573 42.36 26.45 59.72
1786409574 42.36 26.45 59.72
1786409575 42.36 26.45 59.72
1786409576 42.36 26.45 59.72
1786409577 42.36 26.45 59.72
1786409578 44.26 27.11 59.75
1786409579 44.26 27.11 59.75
1786409580 44.26 27.11 59.75
1786409581 44.26 27.11 59.75
1786409582 44.26 27.11 59.75
1786409583 44.24 27.39 59.67
1786409584 44.24 27.39 59.67
1786409585 44.24 27.39 59.67
1786409586 44.24 27.39 59.67
1786409587 44.24 27.39 59.67
1786409588 40.85 26.97 59.36
1786409589 40.85 26.97 59.36
1786409590 40.85 26.97 59.36
1786409591 40.85 26.97 59.36
1786409592 38.06 26.62 59.07
1786409593 38.06 26.62 59.07
1786409594 38.06 26.62 59.07
1786409595 38.06 26.62 59.07
1786409596 38.06 26.62 59.07
1786409597 35.17 26.21 58.76
1786409598 35.17 26.21 58.76
1786409599 35.17 26.21 58.76
1786409600 35.17 26.21 58.76
1786409601 35.17 26.21 58.76
1786409602 32.52 25.81 58.46
1786409603 32.52 25.81 58.46
1786409604 32.52 25.81 58.46
1786409605 32.52 25.81 58.46
1786409606 32.52 25.81 58.46
1786409607 30.07 25.41 58.15
1786409608 30.07 25.41 58.15
1786409609 30.07 25.41 58.15
1786409610 30.07 25.41 58.15
1786409611 30.07 25.41 58.15
1786409613 27.98 25.06 57.86
1786409614 27.98 25.06 57.86
1786409615 27.98 25.06 57.86
1786409616 27.98 25.06 57.86
1786409617 27.98 25.06 57.86
1786409618 25.98 24.69 57.57
1786409619 25.98 24.69 57.57
1786409620 25.98 24.69 57.57
1786409621 25.98 24.69 57.57
1786409622 25.98 24.69 57.57
1786409623 24.54 24.41 57.30
1786409624 24.54 24.41 57.30
1786409625 24.54 24.41 57.30
1786409626 24.54 24.41 57.30
1786409627 24.54 24.41 57.30
1786409628 22.82 24.06 57.01
1786409629 22.82 24.06 57.01
1786409630 22.82 24.06 57.01
1786409631 22.82 24.06 57.01
1786409632 22.82 24.06 57.01
1786409633 21.39 23.74 56.73
1786409634 21.39 23.74 56.73
1786409635 21.39 23.74 56.73
1786409636 21.39 23.74 56.73
1786409637 21.39 23.74 56.73
1786409638 19.76 23.36 56.43
1786409639 19.76 23.36 56.43
1786409640 19.76 23.36 56.43
1786409641 19.76 23.36 56.43
1786409642 19.76 23.36 56.43
1786409643 18.25 22.99 56.13
1786409644 18.25 22.99 56.13
1786409645 18.25 22.99 56.13
1786409646 18.25 22.99 56.13
1786409647 18.25 22.99 56.13
1786409648 17.03 22.66 55.85
1786409649 17.03 22.66 55.85
1786409650 17.03 22.66 55.85
1786409651 17.03 22.66 55.85
1786409652 17.03 22.66 55.85
1786409653 16.07 22.36 55.57
1786409654 16.07 22.36 55.57
1786409655 16.07 22.36 55.57
1786409656 16.07 22.36 55.57
1786409657 16.07 22.36 55.57
1786409658 15.18 22.08 55.30
1786409659 15.18 22.08 55.30
1786409660 15.18 22.08 55.30
1786409661 15.18 22.08 55.30
1786409662 15.18 22.08 55.30
