1786401793 101.66 72.00 34.03
1786401794 101.66 72.00 34.03
1786401795 101.66 72.00 34.03
1786401796 94.72 71.06 33.93
1786401797 94.72 71.06 33.93
1786401798 94.72 71.06 33.93
1786401799 94.72 71.06 33.93
1786401800 94.72 71.06 33.93
1786401801 87.77 70.01 33.79
1786401802 87.77 70.01 33.79
1786401803 87.77 70.01 33.79
1786401804 87.77 70.01 33.79
1786401805 87.77 70.01 33.79
1786401806 81.47 69.00 33.65
1786401807 81.47 69.00 33.65
1786401808 81.47 69.00 33.65
1786401809 81.47 69.00 33.65
1786401810 81.47 69.00 33.65
1786401811 75.58 67.98 33.51
1786401812 75.58 67.98 33.51
1786401813 75.58 67.98 33.51
1786401814 75.58 67.98 33.51
1786401815 75.58 67.98 33.51
1786401817 111.81 75.62 36.17
1786401818 111.81 75.62 36.17
1786401819 111.81 75.62 36.17
1786401820 111.81 75.62 36.17
1786401821 111.81 75.62 36.17
1786401822 148.42 83.81 39.03
1786401823 148.42 83.81 39.03
1786401824 148.42 83.81 39.03
1786401825 148.42 83.81 39.03
1786401826 148.42 83.81 39.03
1786401827 189.63 93.43 42.38
1786401828 189.63 93.43 42.38
1786401829 189.63 93.43 42.38
1786401830 189.63 93.43 42.38
1786401831 189.63 93.43 42.38
1786401832 218.17 100.94 45.09
1786401833 218.17 100.94 45.09
1786401834 218.17 100.94 45.09
1786401835 218.17 100.94 45.09
1786401836 218.17 100.94 45.09
1786401837 257.15 110.97 48.63
1786401838 257.15 110.97 48.63
1786401839 257.15 110.97 48.63
1786401840 257.15 110.97 48.63
1786401841 273.88 116.86 50.88
1786401842 273.88 116.86 50.88
1786401843 273.88 116.86 50.88
1786401844 273.88 116.86 50.88
1786401845 273.88 116.86 50.88
1786401846 293.91 123.62 53.42
1786401847 293.91 123.62 53.42
1786401848 293.91 123.62 53.42
1786401849 293.91 123.62 53.42
1786401851 293.91 123.62 53.42
1786401852 301.04 127.93 55.19
1786401853 301.04 127.93 55.19
1786401854 301.04 127.93 55.19
1786401855 301.04 127.93 55.19
1786401856 301.04 127.93 55.19
1786401857 314.81 133.66 57.43
1786401858 314.81 133.66 57.43
1786401859 314.81 133.66 57.43
1786401860 314.81 133.66 57.43
1786401861 314.81 133.66 57.43
1786401862 298.65 133.31 57.73
1786401863 298.65 133.31 57.73
1786401864 298.65 133.31 57.73
1786401865 298.65 133.31 57.73
1786401866 298.65 133.31 57.73
1786401867 274.73 131.10 57.42
1786401868 274.73 131.10 57.42
1786401869 274.73 131.10 57.42
1786401870 274.73 131.10 57.42
1786401871 252.89 128.96 57.12
1786401872 252.89 128.96 57.12
1786401873 252.89 128.96 57.12
1786401874 252.89 128.96 57.12
1786401875 252.89 128.96 57.12
1786401876 232.72 126.83 56.82
1786401877 232.72 126.83 56.82
1786401878 232.72 126.83 56.82
1786401880 232.72 126.83 56.82
1786401881 232.72 126.83 56.82
1786401882 214.09 124.73 56.52
1786401883 214.09 124.73 56.52
1786401884 214.09 124.73 56.52
1786401885 214.09 124.73 56.52
1786401886 214.09 124.73 56.52
1786401887 197.10 122.69 56.22
1786401888 197.10 122.69 56.22
1786401889 197.10 122.69 56.22
1786401890 197.10 122.69 56.22
1786401891 197.10 122.69 56.22
1786401892 210.47 126.70 57.88
1786401893 210.47 126.70 57.88
1786401894 210.47 126.70 57.88
1786401895 210.47 126.70 57.88
1786401896 210.47 126.70 57.88
1786401897 200.82 126.09 58.05
1786401898 200.82 126.09 58.05
1786401899 200.82 126.09 58.05
1786401900 200.82 126.09 58.05
1786401901 200.82 126.09 58.05
1786401902 208.04 128.83 59.30
1786401903 208.04 128.83 59.30
1786401904 208.04 128.83 59.30
1786401905 208.04 128.83 59.30
1786401906 208.04 128.83 59.30
1786401907 202.59 129.01 59.73
1786401908 202.59 129.01 59.73
1786401909 202.59 129.01 59.73
1786401910 202.59 129.01 59.73
1786401911 202.59 129.01 59.73
1786401912 197.34 129.14 60.15
1786401913 197.34 129.14 60.15
1786401914 197.34 129.14 60.15
1786401915 197.34 129.14 60.15
1786401916 197.34 129.14 60.15
1786401917 183.14 127.33 59.93
1786401918 183.14 127.33 59.93
1786401919 183.14 127.33 59.93
1786401920 183.14 127.33 59.93
1786401921 181.45 127.91 60.48
1786401922 181.45 127.91 60.48
1786401923 181.45 127.91 60.48
1786401924 181.45 127.91 60.48
1786401925 181.45 127.91 60.48
1786401927 202.95 133.25 62.57
1786401928 202.95 133.25 62.57
1786401929 202.95 133.25 62.57
1786401930 202.95 133.25 62.57
1786401931 202.95 133.25 62.57
1786401932 259.73 146.18 67.14
1786401933 259.73 146.18 67.14
1786401934 259.73 146.18 67.14
1786401935 259.73 146.18 67.14
1786401936 259.73 146.18 67.14
1786401937 239.81 143.94 66.83
1786401938 239.81 143.94 66.83
1786401939 239.81 143.94 66.83
1786401940 239.81 143.94 66.83
1786401941 239.81 143.94 66.83
1786401942 252.08 148.07 68.59
1786401943 252.08 148.07 68.59
1786401944 252.08 148.07 68.59
1786401945 252.08 148.07 68.59
1786401946 270.25 153.57 70.79
1786401947 270.25 153.57 70.79
1786401948 270.25 153.57 70.79
1786401949 270.25 153.57 70.79
1786401950 270.25 153.57 70.79
1786401952 279.36 157.39 72.47
1786401953 279.36 157.39 72.47
1786401954 279.36 157.39 72.47
1786401955 279.36 157.39 72.47
1786401956 279.36 157.39 72.47
1786401957 301.75 164.06 75.09
1786401958 301.75 164.06 75.09
1786401959 301.75 164.06 75.09
1786401960 301.75 164.06 75.09
1786401961 301.75 164.06 75.09
1786401962 319.55 170.04 77.50
1786401963 319.55 170.04 77.50
1786401964 319.55 170.04 77.50
1786401965 319.55 170.04 77.50
1786401966 319.55 170.04 77.50
1786401967 321.43 172.91 78.92
1786401968 321.43 172.91 78.92
1786401969 321.43 172.91 78.92
1786401970 321.43 172.91 78.92
1786401971 296.25 170.15 78.54
1786401972 296.25 170.15 78.54
1786401973 296.25 170.15 78.54
1786401974 296.25 170.15 78.54
1786401975 296.25 170.15 78.54
1786401976 296.79 172.36 79.74
1786401978 296.79 172.36 79.74
1786401979 296.79 172.36 79.74
1786401980 296.79 172.36 79.74
1786401981 296.79 172.36 79.74
1786401982 273.82 169.66 79.37
1786401983 273.82 169.66 79.37
1786401984 273.82 169.66 79.37
1786401985 273.82 169.66 79.37
1786401986 273.82 169.66 79.37
1786401987 255.82 167.66 79.21
1786401988 255.82 167.66 79.21
1786401989 255.82 167.66 79.21
1786401990 255.82 167.66 79.21
1786401991 255.82 167.66 79.21
1786401992 246.31 167.15 79.52
1786401993 246.31 167.15 79.52
1786401994 246.31 167.15 79.52
1786401995 246.31 167.15 79.52
1786401996 246.31 167.15 79.52
1786401997 233.55 165.82 79.56
1786401998 233.55 165.82 79.56
1786401999 233.55 165.82 79.56
1786402000 233.55 165.82 79.56
1786402001 233.55 165.82 79.56
1786402002 215.17 163.13 79.15
1786402003 215.17 163.13 79.15
1786402004 215.17 163.13 79.15
1786402005 215.17 163.13 79.15
1786402006 215.17 163.13 79.15
1786402007 198.02 160.44 78.73
