1786416762 512.19 321.93 228.65
1786416763 514.98 325.67 230.36
1786416764 514.98 325.67 230.36
1786416765 514.98 325.67 230.36
1786416766 514.98 325.67 230.36
1786416767 514.98 325.67 230.36
1786416768 510.90 327.97 231.61
1786416769 510.90 327.97 231.61
1786416771 510.90 327.97 231.61
1786416772 510.90 327.97 231.61
1786416773 510.90 327.97 231.61
1786416774 513.15 331.47 233.26
1786416775 513.15 331.47 233.26
1786416776 513.15 331.47 233.26
1786416777 513.15 331.47 233.26
1786416778 513.15 331.47 233.26
1786416779 510.25 333.89 234.57
1786416780 510.25 333.89 234.57
1786416781 510.25 333.89 234.57
1786416782 510.25 333.89 234.57
1786416783 510.25 333.89 234.57
1786416784 520.64 338.97 236.75
1786416785 520.64 338.97 236.75
1786416786 520.64 338.97 236.75
1786416787 520.64 338.97 236.75
1786416788 520.64 338.97 236.75
1786416789 527.16 343.34 238.71
1786416790 527.16 343.34 238.71
1786416791 527.16 343.34 238.71
1786416792 527.16 343.34 238.71
1786416793 527.16 343.34 238.71
1786416794 524.26 345.79 240.07
1786416795 524.26 345.79 240.07
1786416796 524.26 345.79 240.07
1786416797 524.26 345.79 240.07
1786416798 524.26 345.79 240.07
1786416799 526.16 349.14 241.72
1786416800 526.16 349.14 241.72
1786416801 526.16 349.14 241.72
1786416802 526.16 349.14 241.72
1786416803 526.16 349.14 241.72
1786416804 533.52 353.61 243.74
1786416805 533.52 353.61 243.74
1786416806 533.52 353.61 243.74
1786416807 533.52 353.61 243.74
1786416808 533.52 353.61 243.74
1786416809 521.94 354.20 244.52
1786416810 521.94 354.20 244.52
1786416811 521.94 354.20 244.52
1786416812 521.94 354.20 244.52
1786416813 521.94 354.20 244.52
1786416814 534.76 359.64 246.87
1786416815 534.76 359.64 246.87
1786416816 534.76 359.64 246.87
1786416817 534.76 359.64 246.87
1786416818 534.76 359.64 246.87
1786416819 545.91 364.86 249.17
1786416820 545.91 364.86 249.17
1786416821 545.91 364.86 249.17
1786416822 545.91 364.86 249.17
1786416823 545.91 364.86 249.17
1786416824 538.31 366.29 250.25
1786416825 538.31 366.29 250.25
1786416826 538.31 366.29 250.25
1786416827 538.31 366.29 250.25
1786416828 538.31 366.29 250.25
1786416829 541.01 369.70 251.98
1786416830 541.01 369.70 251.98
1786416831 541.01 369.70 251.98
1786416832 541.01 369.70 251.98
1786416833 541.01 369.70 251.98
1786416834 542.05 372.76 253.60
1786416835 542.05 372.76 253.60
1786416836 542.05 372.76 253.60
1786416837 542.05 372.76 253.60
1786416838 542.05 372.76 253.60
1786416839 549.17 377.05 255.63
1786416840 549.17 377.05 255.63
1786416841 549.17 377.05 255.63
1786416842 549.17 377.05 255.63
1786416843 549.17 377.05 255.63
1786416844 529.46 375.82 255.89
1786416845 529.46 375.82 255.89
1786416846 529.46 375.82 255.89
1786416847 529.46 375.82 255.89
1786416848 520.29 376.47 256.74
1786416849 520.29 376.47 256.74
1786416850 520.29 376.47 256.74
1786416851 520.29 376.47 256.74
1786416852 520.29 376.47 256.74
1786416853 519.71 378.74 258.12
1786416854 519.71 378.74 258.12
1786416855 519.71 378.74 258.12
1786416856 519.71 378.74 258.12
1786416857 519.71 378.74 258.12
1786416858 527.90 382.78 260.07
1786416859 527.90 382.78 260.07
1786416860 527.90 382.78 260.07
1786416861 527.90 382.78 260.07
1786416862 527.90 382.78 260.07
1786416863 546.25 388.99 262.74
1786416864 546.25 388.99 262.74
1786416865 546.25 388.99 262.74
1786416866 546.25 388.99 262.74
1786416867 546.25 388.99 262.74
1786416868 556.40 393.71 264.94
1786416869 556.40 393.71 264.94
1786416870 556.40 393.71 264.94
1786416871 556.40 393.71 264.94
1786416873 556.40 393.71 264.94
1786416874 553.48 395.80 266.31
1786416875 553.48 395.80 266.31
1786416876 553.48 395.80 266.31
1786416877 553.48 395.80 266.31
1786416878 553.48 395.80 266.31
1786416879 543.91 396.44 267.22
1786416880 543.91 396.44 267.22
1786416881 543.91 396.44 267.22
1786416882 543.91 396.44 267.22
1786416883 543.91 396.44 267.22
1786416884 539.76 398.02 268.42
1786416885 539.76 398.02 268.42
1786416886 539.76 398.02 268.42
1786416887 539.76 398.02 268.42
1786416888 539.76 398.02 268.42
1786416889 547.14 401.91 270.38
1786416890 547.14 401.91 270.38
1786416891 547.14 401.91 270.38
1786416892 547.14 401.91 270.38
1786416893 547.14 401.91 270.38
1786416894 541.61 403.17 271.49
1786416895 541.61 403.17 271.49
1786416896 541.61 403.17 271.49
1786416897 541.61 403.17 271.49
1786416898 541.61 403.17 271.49
1786416899 548.12 406.82 273.38
1786416900 548.12 406.82 273.38
1786416901 548.12 406.82 273.38
1786416902 548.12 406.82 273.38
1786416903 548.12 406.82 273.38
1786416904 545.95 408.72 274.71
1786416905 545.95 408.72 274.71
1786416906 545.95 408.72 274.71
1786416907 545.95 408.72 274.71
1786416908 545.95 408.72 274.71
1786416909 546.36 411.08 276.19
1786416910 546.36 411.08 276.19
1786416911 546.36 411.08 276.19
1786416912 546.36 411.08 276.19
1786416913 546.36 411.08 276.19
1786416914 534.96 410.96 276.88
1786416915 534.96 410.96 276.88
1786416916 534.96 410.96 276.88
1786416917 534.96 410.96 276.88
1786416918 534.96 410.96 276.88
1786416919 535.60 413.16 278.31
1786416920 535.60 413.16 278.31
1786416921 535.60 413.16 278.31
1786416922 535.60 413.16 278.31
1786416923 535.60 413.16 278.31
1786416924 551.89 418.57 280.78
1786416925 551.89 418.57 280.78
1786416926 551.89 418.57 280.78
1786416927 551.89 418.57 280.78
1786416928 551.89 418.57 280.78
1786416929 557.98 422.04 282.65
1786416930 557.98 422.04 282.65
1786416931 557.98 422.04 282.65
1786416932 557.98 422.04 282.65
1786416933 557.98 422.04 282.65
1786416934 565.99 425.96 284.67
1786416935 565.99 425.96 284.67
1786416936 565.99 425.96 284.67
1786416937 565.99 425.96 284.67
1786416938 565.99 425.96 284.67
1786416939 559.03 426.84 285.71
1786416940 559.03 426.84 285.71
1786416941 559.03 426.84 285.71
1786416942 559.03 426.84 285.71
1786416943 559.03 426.84 285.71
1786416944 564.15 430.10 287.52
1786416945 564.15 430.10 287.52
1786416946 564.15 430.10 287.52
1786416947 564.15 430.10 287.52
1786416948 586.48 436.95 290.51
1786416949 586.48 436.95 290.51
1786416950 586.48 436.95 290.51
1786416951 586.48 436.95 290.51
1786416952 586.48 436.95 290.51
1786416953 569.38 435.89 290.95
1786416954 569.38 435.89 290.95
1786416955 569.38 435.89 290.95
1786416956 569.38 435.89 290.95
1786416957 569.38 435.89 290.95
1786416958 559.02 435.96 291.75
1786416959 559.02 435.96 291.75
1786416960 559.02 435.96 291.75
1786416961 559.02 435.96 291.75
1786416962 559.02 435.96 291.75
1786416963 541.88 434.45 292.04
1786416964 541.88 434.45 292.04
1786416965 541.88 434.45 292.04
1786416966 541.88 434.45 292.04
1786416967 541.88 434.45 292.04
1786416969 525.72 432.88 292.29
1786416970 525.72 432.88 292.29
1786416971 525.72 432.88 292.29
1786416972 525.72 432.88 292.29
1786416973 525.72 432.88 292.29
1786416974 529.74 435.26 293.82
1786416975 529.74 435.26 293.82
1786416976 529.74 435.26 293.82
1786416977 529.74 435.26 293.82
1786416978 529.74 435.26 293.82
1786416979 517.59 434.31 294.27
1786416980 517.59 434.31 294.27
1786416981 517.59 434.31 294.27
1786416982 517.59 434.31 294.27
1786416983 517.59 434.31 294.27
1786416984 524.43 437.11 295.93
1786416985 524.43 437.11 295.93
1786416986 524.43 437.11 295.93
1786416987 524.43 437.11 295.93
1786416988 524.43 437.11 295.93
1786416989 505.34 434.60 295.88
1786416990 505.34 434.60 295.88
1786416991 505.34 434.60 295.88
1786416992 505.34 434.60 295.88
1786416993 505.34 434.60 295.88
1786416994 517.16 438.22 297.79
1786416995 517.16 438.22 297.79
1786416996 517.16 438.22 297.79
1786416997 517.16 438.22 297.79
1786416998 517.16 438.22 297.79
1786416999 515.39 439.17 298.85
1786417000 515.39 439.17 298.85
1786417001 515.39 439.17 298.85
1786417002 515.39 439.17 298.85
1786417003 515.39 439.17 298.85
1786417004 519.04 441.19 300.26
1786417005 519.04 441.19 300.26
1786417006 519.04 441.19 300.26
1786417007 519.04 441.19 300.26
1786417008 519.04 441.19 300.26
1786417009 526.09 443.94 301.91
1786417010 526.09 443.94 301.91
1786417011 526.09 443.94 301.91
1786417012 526.09 443.94 301.91
1786417013 526.09 443.94 301.91
1786417014 526.80 445.45 303.16
1786417015 526.80 445.45 303.16
1786417016 526.80 445.45 303.16
1786417017 526.80 445.45 303.16
1786417018 526.80 445.45 303.16
1786417019 527.86 447.02 304.43
1786417020 527.86 447.02 304.43
1786417021 527.86 447.02 304.43
1786417022 527.86 447.02 304.43
