1786320120 14.90 11.44 6.80
1786320121 14.35 11.38 6.81
1786320122 14.35 11.38 6.81
1786320123 14.35 11.38 6.81
1786320124 14.35 11.38 6.81
1786320125 14.35 11.38 6.81
1786320126 14.16 11.39 6.84
1786320127 14.16 11.39 6.84
1786320128 14.16 11.39 6.84
1786320129 14.16 11.39 6.84
1786320130 14.16 11.39 6.84
1786320131 16.15 11.85 7.01
1786320132 16.15 11.85 7.01
1786320133 16.15 11.85 7.01
1786320135 16.15 11.85 7.01
1786320136 16.15 11.85 7.01
1786320137 22.94 13.33 7.52
1786320138 22.94 13.33 7.52
1786320139 22.94 13.33 7.52
1786320140 22.94 13.33 7.52
1786320141 22.94 13.33 7.52
1786320142 29.12 14.77 8.01
1786320143 29.12 14.77 8.01
1786320144 29.12 14.77 8.01
1786320145 29.12 14.77 8.01
1786320146 29.12 14.77 8.01
1786320147 40.48 17.36 8.89
1786320148 40.48 17.36 8.89
1786320149 40.48 17.36 8.89
1786320150 40.48 17.36 8.89
1786320151 40.48 17.36 8.89
1786320152 45.24 18.73 9.38
1786320153 45.24 18.73 9.38
1786320154 45.24 18.73 9.38
1786320155 45.24 18.73 9.38
1786320156 45.24 18.73 9.38
1786320157 53.39 20.86 10.12
1786320158 53.39 20.86 10.12
1786320159 53.39 20.86 10.12
1786320160 53.39 20.86 10.12
1786320161 53.39 20.86 10.12
1786320162 59.93 22.76 10.79
1786320163 59.93 22.76 10.79
1786320164 59.93 22.76 10.79
1786320165 59.93 22.76 10.79
1786320166 59.93 22.76 10.79
1786320167 68.90 25.24 11.65
1786320168 68.90 25.24 11.65
1786320169 68.90 25.24 11.65
1786320170 68.90 25.24 11.65
1786320171 68.90 25.24 11.65
1786320172 74.44 27.11 12.33
1786320173 74.44 27.11 12.33
1786320174 74.44 27.11 12.33
1786320175 74.44 27.11 12.33
1786320176 74.44 27.11 12.33
1786320177 80.73 29.20 13.09
1786320178 80.73 29.20 13.09
1786320179 80.73 29.20 13.09
1786320180 80.73 29.20 13.09
1786320181 80.73 29.20 13.09
1786320182 88.92 31.75 14.00
1786320183 88.92 31.75 14.00
1786320184 88.92 31.75 14.00
1786320185 88.92 31.75 14.00
1786320186 88.92 31.75 14.00
1786320187 89.97 32.92 14.47
1786320188 89.97 32.92 14.47
1786320189 89.97 32.92 14.47
1786320190 89.97 32.92 14.47
1786320191 89.97 32.92 14.47
1786320192 94.21 34.75 15.16
1786320193 94.21 34.75 15.16
1786320194 94.21 34.75 15.16
1786320195 94.21 34.75 15.16
1786320196 94.21 34.75 15.16
1786320197 100.36 37.01 16.00
1786320198 100.36 37.01 16.00
1786320199 100.36 37.01 16.00
1786320200 100.36 37.01 16.00
1786320201 100.36 37.01 16.00
1786320202 102.09 38.42 16.57
1786320203 102.09 38.42 16.57
1786320204 102.09 38.42 16.57
1786320205 102.09 38.42 16.57
1786320206 102.09 38.42 16.57
1786320207 108.41 40.79 17.45
1786320208 108.41 40.79 17.45
1786320209 108.41 40.79 17.45
1786320210 108.41 40.79 17.45
1786320211 108.41 40.79 17.45
1786320212 115.43 43.37 18.41
1786320213 115.43 43.37 18.41
1786320214 115.43 43.37 18.41
1786320215 115.43 43.37 18.41
1786320216 115.43 43.37 18.41
1786320217 108.67 43.16 18.48
1786320218 108.67 43.16 18.48
1786320219 108.67 43.16 18.48
1786320220 108.67 43.16 18.48
1786320221 108.67 43.16 18.48
1786320222 106.05 43.70 18.79
1786320223 106.05 43.70 18.79
1786320224 106.05 43.70 18.79
1786320225 106.05 43.70 18.79
1786320226 106.05 43.70 18.79
1786320227 103.56 44.22 19.09
1786320228 103.56 44.22 19.09
1786320229 103.56 44.22 19.09
1786320230 103.56 44.22 19.09
1786320231 103.56 44.22 19.09
1786320232 101.52 44.79 19.41
1786320233 101.52 44.79 19.41
1786320234 101.52 44.79 19.41
1786320235 101.52 44.79 19.41
1786320236 101.52 44.79 19.41
1786320237 95.47 44.47 19.44
1786320238 95.47 44.47 19.44
1786320239 95.47 44.47 19.44
