1786305482 15.68 10.37 8.70
1786305483 15.68 10.37 8.70
1786305484 15.68 10.37 8.70
1786305485 15.68 10.37 8.70
1786305486 14.50 10.22 8.66
1786305487 14.50 10.22 8.66
1786305488 14.50 10.22 8.66
1786305489 14.50 10.22 8.66
1786305490 14.50 10.22 8.66
1786305491 13.66 10.12 8.63
1786305492 13.66 10.12 8.63
1786305493 13.66 10.12 8.63
1786305494 13.66 10.12 8.63
1786305495 13.66 10.12 8.63
1786305496 28.74 13.30 9.67
1786305497 28.74 13.30 9.67
1786305498 28.74 13.30 9.67
1786305499 28.74 13.30 9.67
1786305500 26.60 13.11 9.63
1786305501 26.60 13.11 9.63
1786305502 26.60 13.11 9.63
1786305503 26.60 13.11 9.63
1786305504 26.60 13.11 9.63
1786305505 40.41 16.20 10.65
1786305506 40.41 16.20 10.65
1786305507 40.41 16.20 10.65
1786305508 40.41 16.20 10.65
1786305509 40.41 16.20 10.65
1786305510 53.03 19.22 11.65
1786305511 53.03 19.22 11.65
1786305512 53.03 19.22 11.65
1786305513 53.03 19.22 11.65
1786305514 53.03 19.22 11.65
1786305515 64.72 22.20 12.66
1786305516 64.72 22.20 12.66
1786305517 64.72 22.20 12.66
1786305518 64.72 22.20 12.66
1786305519 64.72 22.20 12.66
1786305520 59.85 21.90 12.61
1786305521 59.85 21.90 12.61
1786305522 59.85 21.90 12.61
1786305523 59.85 21.90 12.61
1786305524 59.85 21.90 12.61
1786305525 71.00 24.84 13.61
1786305526 71.00 24.84 13.61
1786305527 71.00 24.84 13.61
1786305528 71.00 24.84 13.61
1786305529 71.00 24.84 13.61
1786305530 81.17 27.72 14.60
1786305531 81.17 27.72 14.60
1786305532 81.17 27.72 14.60
1786305533 81.17 27.72 14.60
1786305534 81.17 27.72 14.60
1786305535 74.91 27.31 14.54
1786305536 74.91 27.31 14.54
1786305537 74.91 27.31 14.54
1786305538 74.91 27.31 14.54
1786305539 74.91 27.31 14.54
1786305540 84.77 30.14 15.53
1786305541 84.77 30.14 15.53
1786305542 84.77 30.14 15.53
1786305543 84.77 30.14 15.53
1786305544 84.77 30.14 15.53
1786305545 78.46 29.74 15.48
1786305546 78.46 29.74 15.48
1786305547 78.46 29.74 15.48
1786305548 78.46 29.74 15.48
1786305549 78.46 29.74 15.48
1786305550 88.11 32.55 16.46
1786305551 88.11 32.55 16.46
1786305552 88.11 32.55 16.46
1786305553 88.11 32.55 16.46
1786305554 88.11 32.55 16.46
1786305555 97.15 35.35 17.45
1786305556 97.15 35.35 17.45
1786305557 97.15 35.35 17.45
1786305558 97.15 35.35 17.45
1786305559 97.15 35.35 17.45
1786305560 105.47 38.10 18.44
1786305561 105.47 38.10 18.44
1786305562 105.47 38.10 18.44
1786305563 105.47 38.10 18.44
1786305564 105.47 38.10 18.44
1786305565 97.50 37.56 18.37
1786305566 97.50 37.56 18.37
1786305567 97.50 37.56 18.37
1786305568 97.50 37.56 18.37
1786305569 97.50 37.56 18.37
1786305570 105.55 40.23 19.34
1786305571 105.55 40.23 19.34
1786305572 105.55 40.23 19.34
1786305573 105.55 40.23 19.34
1786305574 105.55 40.23 19.34
1786305575 97.50 39.64 19.26
1786305576 97.50 39.64 19.26
1786305577 97.50 39.64 19.26
1786305578 97.50 39.64 19.26
1786305579 97.50 39.64 19.26
1786305580 105.55 42.27 20.22
1786305581 105.55 42.27 20.22
1786305582 105.55 42.27 20.22
1786305583 105.55 42.27 20.22
1786305584 105.55 42.27 20.22
1786305585 97.57 41.67 20.14
1786305586 97.57 41.67 20.14
1786305587 97.57 41.67 20.14
1786305588 97.57 41.67 20.14
1786305589 97.57 41.67 20.14
1786305590 105.78 44.30 21.11
1786305591 105.78 44.30 21.11
1786305592 105.78 44.30 21.11
1786305593 105.78 44.30 21.11
1786305594 105.78 44.30 21.11
1786305595 97.55 43.61 21.01
1786305596 97.55 43.61 21.01
1786305597 97.55 43.61 21.01
1786305598 97.55 43.61 21.01
1786305599 97.55 43.61 21.01
1786305600 89.81 42.90 20.90
1786305601 89.81 42.90 20.90
1786305602 89.81 42.90 20.90
1786305603 89.81 42.90 20.90
1786305604 89.81 42.90 20.90
1786305605 98.64 45.51 21.87
1786305606 98.64 45.51 21.87
1786305608 98.64 45.51 21.87
1786305609 98.64 45.51 21.87
1786305610 98.64 45.51 21.87
1786305611 106.60 48.04 22.81
1786305612 106.60 48.04 22.81
1786305613 106.60 48.04 22.81
1786305614 106.60 48.04 22.81
1786305615 106.60 48.04 22.81
1786305616 115.04 50.77 23.83
1786305617 115.04 50.77 23.83
1786305618 115.04 50.77 23.83
1786305619 115.04 50.77 23.83
1786305620 115.04 50.77 23.83
1786305621 118.64 52.58 24.56
1786305622 118.64 52.58 24.56
1786305623 118.64 52.58 24.56
1786305624 118.64 52.58 24.56
1786305625 118.64 52.58 24.56
1786305626 125.31 55.06 25.51
1786305627 125.31 55.06 25.51
1786305628 125.31 55.06 25.51
1786305629 125.31 55.06 25.51
1786305630 125.31 55.06 25.51
1786305631 131.21 57.45 26.45
1786305632 131.21 57.45 26.45
1786305633 131.21 57.45 26.45
1786305634 131.21 57.45 26.45
1786305635 131.21 57.45 26.45
1786305636 137.12 59.90 27.41
1786305637 137.12 59.90 27.41
1786305638 137.12 59.90 27.41
1786305639 137.12 59.90 27.41
1786305640 137.12 59.90 27.41
1786305641 142.00 62.19 28.32
1786305642 142.00 62.19 28.32
1786305643 142.00 62.19 28.32
1786305644 142.00 62.19 28.32
1786305645 142.00 62.19 28.32
1786305646 146.72 64.50 29.25
1786305647 146.72 64.50 29.25
1786305648 146.72 64.50 29.25
1786305649 146.72 64.50 29.25
1786305650 146.72 64.50 29.25
1786305651 135.05 63.44 29.10
1786305652 135.05 63.44 29.10
1786305653 135.05 63.44 29.10
1786305654 135.05 63.44 29.10
1786305655 135.05 63.44 29.10
1786305656 140.33 65.73 30.02
1786305657 140.33 65.73 30.02
1786305658 140.33 65.73 30.02
1786305659 140.33 65.73 30.02
1786305660 140.33 65.73 30.02
1786305661 144.95 67.92 30.92
1786305662 144.95 67.92 30.92
1786305663 144.95 67.92 30.92
1786305664 144.95 67.92 30.92
1786305665 133.58 66.85 30.77
1786305666 133.58 66.85 30.77
1786305667 133.58 66.85 30.77
1786305668 133.58 66.85 30.77
1786305669 133.58 66.85 30.77
1786305670 123.13 65.79 30.62
1786305671 123.13 65.79 30.62
1786305672 123.13 65.79 30.62
1786305673 123.13 65.79 30.62
1786305674 123.13 65.79 30.62
1786305675 129.28 68.01 31.53
1786305676 129.28 68.01 31.53
1786305677 129.28 68.01 31.53
1786305678 129.28 68.01 31.53
1786305679 129.28 68.01 31.53
1786305680 134.79 70.17 32.43
1786305681 134.79 70.17 32.43
1786305682 134.79 70.17 32.43
1786305683 134.79 70.17 32.43
1786305684 134.79 70.17 32.43
1786305685 124.15 69.04 32.27
1786305686 124.15 69.04 32.27
1786305687 124.15 69.04 32.27
1786305688 124.15 69.04 32.27
1786305689 124.15 69.04 32.27
1786305690 114.29 67.91 32.10
1786305691 114.29 67.91 32.10
1786305692 114.29 67.91 32.10
1786305693 114.29 67.91 32.10
1786305694 114.29 67.91 32.10
1786305695 121.23 70.12 33.00
1786305696 121.23 70.12 33.00
1786305697 121.23 70.12 33.00
1786305698 121.23 70.12 33.00
1786305699 121.23 70.12 33.00
1786305700 127.46 72.26 33.90
1786305701 127.46 72.26 33.90
1786305702 127.46 72.26 33.90
1786305703 127.46 72.26 33.90
1786305704 127.46 72.26 33.90
1786305705 132.95 74.31 34.77
1786305706 132.95 74.31 34.77
1786305707 132.95 74.31 34.77
1786305708 132.95 74.31 34.77
1786305709 132.95 74.31 34.77
1786305710 122.54 73.13 34.60
1786305711 122.54 73.13 34.60
1786305712 122.54 73.13 34.60
1786305713 122.54 73.13 34.60
1786305714 122.54 73.13 34.60
1786305715 113.13 72.00 34.44
1786305716 113.13 72.00 34.44
1786305717 113.13 72.00 34.44
1786305718 113.13 72.00 34.44
1786305719 113.13 72.00 34.44
1786305720 119.93 74.09 35.32
1786305721 119.93 74.09 35.32
1786305722 119.93 74.09 35.32
1786305723 119.93 74.09 35.32
1786305724 119.93 74.09 35.32
1786305725 110.40 72.88 35.13
1786305726 110.40 72.88 35.13
1786305727 110.40 72.88 35.13
1786305728 110.40 72.88 35.13
1786305729 110.40 72.88 35.13
1786305730 117.50 74.97 36.01
1786305731 117.50 74.97 36.01
1786305732 117.50 74.97 36.01
1786305733 117.50 74.97 36.01
1786305734 117.50 74.97 36.01
1786305735 124.11 77.05 36.89
1786305736 124.11 77.05 36.89
1786305737 124.11 77.05 36.89
1786305738 124.11 77.05 36.89
1786305739 124.11 77.05 36.89
1786305740 114.33 75.80 36.71
1786305741 114.33 75.80 36.71
1786305742 114.33 75.80 36.71
1786305743 114.33 75.80 36.71
1786305744 114.33 75.80 36.71
1786305745 121.11 77.85 37.58
1786305746 121.11 77.85 37.58
1786305747 121.11 77.85 37.58
1786305748 121.11 77.85 37.58
1786305749 121.11 77.85 37.58
1786305750 127.35 79.86 38.44
1786305751 127.35 79.86 38.44
1786305752 127.35 79.86 38.44
1786305753 127.35 79.86 38.44
1786305754 127.35 79.86 38.44
1786305755 117.31 78.57 38.25
1786305756 117.31 78.57 38.25
1786305758 117.31 78.57 38.25
1786305759 117.31 78.57 38.25
1786305760 117.31 78.57 38.25
1786305761 107.99 77.28 38.05
1786305762 107.99 77.28 38.05
1786305763 107.99 77.28 38.05
1786305764 107.99 77.28 38.05
1786305765 107.99 77.28 38.05
1786305766 115.36 79.32 38.92
1786305767 115.36 79.32 38.92
1786305768 115.36 79.32 38.92
1786305769 115.36 79.32 38.92
1786305770 115.36 79.32 38.92
1786305771 106.28 78.03 38.72
1786305772 106.28 78.03 38.72
1786305773 106.28 78.03 38.72
1786305774 106.28 78.03 38.72
1786305775 106.28 78.03 38.72
1786305776 99.93 77.18 38.66
1786305777 99.93 77.18 38.66
1786305778 99.93 77.18 38.66
1786305779 99.93 77.18 38.66
1786305780 99.93 77.18 38.66
1786305781 107.79 79.19 39.51
1786305782 107.79 79.19 39.51
1786305783 107.79 79.19 39.51
1786305784 107.79 79.19 39.51
1786305785 107.79 79.19 39.51
1786305786 114.45 81.05 40.33
1786305787 114.45 81.05 40.33
1786305788 114.45 81.05 40.33
1786305789 114.45 81.05 40.33
1786305790 114.45 81.05 40.33
1786305791 121.14 82.99 41.17
1786305792 121.14 82.99 41.17
1786305793 121.14 82.99 41.17
1786305794 121.14 82.99 41.17
1786305795 121.14 82.99 41.17
1786305796 127.38 84.91 42.02
1786305797 127.38 84.91 42.02
1786305798 127.38 84.91 42.02
1786305799 127.38 84.91 42.02
1786305800 127.38 84.91 42.02
1786305801 117.34 83.54 41.81
1786305802 117.34 83.54 41.81
1786305803 117.34 83.54 41.81
1786305804 117.34 83.54 41.81
1786305805 117.34 83.54 41.81
1786305806 123.88 85.45 42.65
1786305807 123.88 85.45 42.65
1786305808 123.88 85.45 42.65
1786305809 123.88 85.45 42.65
1786305810 123.88 85.45 42.65
1786305811 129.81 87.32 43.49
1786305812 129.81 87.32 43.49
1786305813 129.81 87.32 43.49
1786305814 129.81 87.32 43.49
1786305815 129.81 87.32 43.49
1786305816 135.67 89.24 44.34
1786305817 135.67 89.24 44.34
1786305818 135.67 89.24 44.34
1786305819 135.67 89.24 44.34
1786305820 135.67 89.24 44.34
1786305821 125.37 87.88 44.14
1786305822 125.37 87.88 44.14
1786305823 125.37 87.88 44.14
1786305824 125.37 87.88 44.14
1786305825 125.37 87.88 44.14
1786305826 131.19 89.71 44.97
1786305827 131.19 89.71 44.97
1786305828 131.19 89.71 44.97
1786305829 131.19 89.71 44.97
1786305830 120.84 88.25 44.74
1786305831 120.84 88.25 44.74
1786305832 120.84 88.25 44.74
1786305833 120.84 88.25 44.74
1786305834 120.84 88.25 44.74
1786305835 127.10 90.09 45.57
1786305836 127.10 90.09 45.57
1786305837 127.10 90.09 45.57
1786305838 127.10 90.09 45.57
1786305839 127.10 90.09 45.57
1786305840 117.00 88.61 45.33
1786305841 117.00 88.61 45.33
1786305842 117.00 88.61 45.33
1786305843 117.00 88.61 45.33
1786305844 117.00 88.61 45.33
1786305845 123.65 90.46 46.16
1786305846 123.65 90.46 46.16
1786305847 123.65 90.46 46.16
1786305848 123.65 90.46 46.16
1786305849 123.65 90.46 46.16
1786305850 113.83 88.97 45.92
1786305851 113.83 88.97 45.92
1786305852 113.83 88.97 45.92
1786305853 113.83 88.97 45.92
1786305854 113.83 88.97 45.92
1786305855 118.72 90.40 46.61
1786305856 118.72 90.40 46.61
1786305857 118.72 90.40 46.61
1786305858 118.72 90.40 46.61
1786305859 118.72 90.40 46.61
1786305860 125.07 92.19 47.42
1786305861 125.07 92.19 47.42
1786305862 125.07 92.19 47.42
1786305863 125.07 92.19 47.42
1786305864 125.07 92.19 47.42
1786305865 131.07 93.98 48.24
1786305866 131.07 93.98 48.24
1786305867 131.07 93.98 48.24
1786305868 131.07 93.98 48.24
1786305869 131.07 93.98 48.24
1786305870 136.51 95.72 49.05
1786305871 136.51 95.72 49.05
1786305872 136.51 95.72 49.05
1786305873 136.51 95.72 49.05
1786305874 136.51 95.72 49.05
1786305875 125.74 94.17 48.80
1786305876 125.74 94.17 48.80
1786305877 125.74 94.17 48.80
1786305878 125.74 94.17 48.80
1786305879 125.74 94.17 48.80
1786305880 131.61 95.91 49.61
1786305881 131.61 95.91 49.61
1786305882 131.61 95.91 49.61
1786305883 131.61 95.91 49.61
1786305884 131.61 95.91 49.61
1786305885 121.39 94.38 49.36
1786305886 121.39 94.38 49.36
1786305887 121.39 94.38 49.36
1786305888 121.39 94.38 49.36
1786305889 121.39 94.38 49.36
1786305890 127.60 96.12 50.17
1786305891 127.60 96.12 50.17
1786305892 127.60 96.12 50.17
1786305893 127.60 96.12 50.17
1786305894 127.60 96.12 50.17
1786305895 129.08 96.95 50.68
1786305896 129.08 96.95 50.68
1786305897 129.08 96.95 50.68
1786305898 129.08 96.95 50.68
1786305900 129.08 96.95 50.68
1786305901 118.82 95.35 50.41
1786305902 118.82 95.35 50.41
1786305903 118.82 95.35 50.41
1786305904 118.82 95.35 50.41
1786305905 118.82 95.35 50.41
1786305906 111.23 94.17 50.27
1786305907 111.23 94.17 50.27
1786305908 111.23 94.17 50.27
1786305909 111.23 94.17 50.27
1786305910 111.23 94.17 50.27
1786305911 104.56 93.07 50.15
1786305912 104.56 93.07 50.15
1786305913 104.56 93.07 50.15
1786305914 104.56 93.07 50.15
1786305915 104.56 93.07 50.15
1786305916 96.27 91.54 49.89
1786305917 96.27 91.54 49.89
1786305918 96.27 91.54 49.89
1786305919 96.27 91.54 49.89
1786305920 96.27 91.54 49.89
1786305921 104.50 93.33 50.69
1786305922 104.50 93.33 50.69
1786305923 104.50 93.33 50.69
1786305924 104.50 93.33 50.69
1786305925 104.50 93.33 50.69
1786305926 96.21 91.79 50.42
1786305927 96.21 91.79 50.42
1786305928 96.21 91.79 50.42
1786305929 96.21 91.79 50.42
1786305930 96.21 91.79 50.42
1786305931 88.74 90.32 50.17
1786305932 88.74 90.32 50.17
1786305933 88.74 90.32 50.17
1786305934 88.74 90.32 50.17
1786305935 88.74 90.32 50.17
1786305936 97.81 92.17 50.98
1786305937 97.81 92.17 50.98
1786305938 97.81 92.17 50.98
1786305939 97.81 92.17 50.98
1786305940 97.81 92.17 50.98
1786305941 92.38 91.14 50.87
1786305942 92.38 91.14 50.87
1786305943 92.38 91.14 50.87
1786305944 92.38 91.14 50.87
1786305945 92.38 91.14 50.87
1786305946 100.84 92.91 51.66
1786305947 100.84 92.91 51.66
1786305948 100.84 92.91 51.66
1786305949 100.84 92.91 51.66
1786305950 100.84 92.91 51.66
1786305951 92.93 91.40 51.39
1786305952 92.93 91.40 51.39
1786305953 92.93 91.40 51.39
1786305954 92.93 91.40 51.39
1786305955 92.93 91.40 51.39
1786305956 101.34 93.17 52.18
1786305957 101.34 93.17 52.18
1786305958 101.34 93.17 52.18
1786305959 101.34 93.17 52.18
1786305960 101.34 93.17 52.18
1786305961 109.08 94.92 52.96
1786305962 109.08 94.92 52.96
1786305963 109.08 94.92 52.96
1786305964 109.08 94.92 52.96
1786305965 109.08 94.92 52.96
1786305966 100.59 93.39 52.70
1786305967 100.59 93.39 52.70
1786305968 100.59 93.39 52.70
1786305969 100.59 93.39 52.70
1786305970 100.59 93.39 52.70
1786305971 108.55 95.16 53.49
1786305972 108.55 95.16 53.49
1786305973 108.55 95.16 53.49
1786305974 108.55 95.16 53.49
1786305975 108.55 95.16 53.49
1786305976 115.71 96.87 54.26
1786305977 115.71 96.87 54.26
1786305978 115.71 96.87 54.26
1786305979 115.71 96.87 54.26
1786305980 115.71 96.87 54.26
1786305981 122.38 98.56 55.04
1786305982 122.38 98.56 55.04
1786305983 122.38 98.56 55.04
1786305984 122.38 98.56 55.04
1786305985 122.38 98.56 55.04
1786305986 128.60 100.25 55.82
1786305987 128.60 100.25 55.82
1786305988 128.60 100.25 55.82
1786305989 128.60 100.25 55.82
1786305990 118.46 98.62 55.53
1786305991 118.46 98.62 55.53
1786305992 118.46 98.62 55.53
1786305993 118.46 98.62 55.53
1786305994 118.46 98.62 55.53
1786305995 125.07 100.32 56.31
1786305996 125.07 100.32 56.31
1786305997 125.07 100.32 56.31
1786305998 125.07 100.32 56.31
1786305999 125.07 100.32 56.31
1786306000 130.99 101.95 57.08
1786306001 130.99 101.95 57.08
1786306002 130.99 101.95 57.08
1786306003 130.99 101.95 57.08
1786306004 130.99 101.95 57.08
1786306005 120.58 100.28 56.78
1786306006 120.58 100.28 56.78
1786306007 120.58 100.28 56.78
1786306008 120.58 100.28 56.78
1786306009 120.58 100.28 56.78
1786306010 126.86 101.92 57.54
1786306011 126.86 101.92 57.54
1786306012 126.86 101.92 57.54
1786306013 126.86 101.92 57.54
1786306014 126.86 101.92 57.54
1786306015 132.56 103.51 58.30
1786306016 132.56 103.51 58.30
1786306017 132.56 103.51 58.30
1786306018 132.56 103.51 58.30
1786306019 132.56 103.51 58.30
1786306020 137.80 105.08 59.05
1786306021 137.80 105.08 59.05
1786306022 137.80 105.08 59.05
1786306023 137.80 105.08 59.05
1786306024 137.80 105.08 59.05
1786306025 142.70 106.64 59.80
1786306026 142.70 106.64 59.80
1786306027 142.70 106.64 59.80
1786306028 142.70 106.64 59.80
1786306029 142.70 106.64 59.80
1786306030 131.35 104.89 59.48
1786306031 131.35 104.89 59.48
1786306032 131.35 104.89 59.48
1786306033 131.35 104.89 59.48
1786306034 131.35 104.89 59.48
1786306035 136.69 106.43 60.23
1786306036 136.69 106.43 60.23
1786306037 136.69 106.43 60.23
1786306038 136.69 106.43 60.23
1786306039 136.69 106.43 60.23
1786306040 141.68 107.97 60.97
1786306041 141.68 107.97 60.97
1786306042 141.68 107.97 60.97
1786306043 141.68 107.97 60.97
1786306044 141.68 107.97 60.97
1786306046 130.49 106.21 60.66
1786306047 130.49 106.21 60.66
1786306048 130.49 106.21 60.66
1786306049 130.49 106.21 60.66
1786306050 130.49 106.21 60.66
1786306051 135.90 107.73 61.39
1786306052 135.90 107.73 61.39
1786306053 135.90 107.73 61.39
1786306054 135.90 107.73 61.39
1786306055 135.90 107.73 61.39
1786306056 125.10 105.96 61.07
1786306057 125.10 105.96 61.07
1786306058 125.10 105.96 61.07
1786306059 125.10 105.96 61.07
1786306060 125.10 105.96 61.07
1786306061 115.24 104.24 60.75
1786306062 115.24 104.24 60.75
1786306063 115.24 104.24 60.75
1786306064 115.24 104.24 60.75
1786306065 115.24 104.24 60.75
1786306066 121.87 105.79 61.49
1786306067 121.87 105.79 61.49
1786306068 121.87 105.79 61.49
1786306069 121.87 105.79 61.49
1786306070 121.87 105.79 61.49
1786306071 112.35 104.09 61.18
1786306072 112.35 104.09 61.18
1786306073 112.35 104.09 61.18
1786306074 112.35 104.09 61.18
1786306075 112.35 104.09 61.18
1786306076 119.21 105.65 61.91
1786306077 119.21 105.65 61.91
1786306078 119.21 105.65 61.91
1786306079 119.21 105.65 61.91
1786306080 119.21 105.65 61.91
1786306081 109.74 103.91 61.58
1786306082 109.74 103.91 61.58
1786306083 109.74 103.91 61.58
1786306084 109.74 103.91 61.58
1786306085 109.74 103.91 61.58
1786306086 101.03 102.20 61.26
1786306087 101.03 102.20 61.26
1786306088 101.03 102.20 61.26
1786306089 101.03 102.20 61.26
1786306090 101.03 102.20 61.26
1786306091 93.02 100.52 60.93
1786306092 93.02 100.52 60.93
1786306093 93.02 100.52 60.93
1786306094 93.02 100.52 60.93
1786306095 93.02 100.52 60.93
1786306096 85.73 98.88 60.62
1786306097 85.73 98.88 60.62
1786306098 85.73 98.88 60.62
1786306099 85.73 98.88 60.62
1786306100 85.73 98.88 60.62
1786306101 79.51 97.37 60.33
1786306102 79.51 97.37 60.33
1786306103 79.51 97.37 60.33
1786306104 79.51 97.37 60.33
1786306105 79.51 97.37 60.33
1786306106 73.22 95.77 60.02
1786306107 73.22 95.77 60.02
1786306108 73.22 95.77 60.02
1786306109 73.22 95.77 60.02
1786306110 73.22 95.77 60.02
1786306111 83.21 97.47 60.76
1786306112 83.21 97.47 60.76
1786306113 83.21 97.47 60.76
1786306114 83.21 97.47 60.76
1786306115 83.21 97.47 60.76
1786306116 76.79 95.90 60.45
1786306117 76.79 95.90 60.45
1786306118 76.79 95.90 60.45
1786306119 76.79 95.90 60.45
1786306120 76.79 95.90 60.45
1786306121 86.50 97.60 61.18
1786306122 86.50 97.60 61.18
1786306123 86.50 97.60 61.18
1786306124 86.50 97.60 61.18
1786306125 86.50 97.60 61.18
1786306126 95.43 99.27 61.92
1786306127 95.43 99.27 61.92
1786306128 95.43 99.27 61.92
1786306129 95.43 99.27 61.92
1786306130 95.43 99.27 61.92
1786306131 103.64 100.90 62.65
1786306132 103.64 100.90 62.65
1786306133 103.64 100.90 62.65
1786306134 103.64 100.90 62.65
1786306135 103.64 100.90 62.65
1786306136 111.28 102.53 63.38
1786306137 111.28 102.53 63.38
1786306138 111.28 102.53 63.38
1786306139 111.28 102.53 63.38
1786306140 111.28 102.53 63.38
1786306141 118.22 104.12 64.11
1786306142 118.22 104.12 64.11
1786306143 118.22 104.12 64.11
1786306144 118.22 104.12 64.11
1786306145 118.22 104.12 64.11
1786306146 109.07 102.46 63.78
1786306147 109.07 102.46 63.78
1786306148 109.07 102.46 63.78
1786306149 109.07 102.46 63.78
1786306150 109.07 102.46 63.78
1786306151 100.42 100.77 63.45
1786306152 100.42 100.77 63.45
1786306153 100.42 100.77 63.45
1786306154 100.42 100.77 63.45
1786306155 92.70 99.16 63.13
1786306156 92.70 99.16 63.13
1786306157 92.70 99.16 63.13
1786306158 92.70 99.16 63.13
1786306159 92.70 99.16 63.13
1786306160 86.88 97.85 62.89
1786306161 86.88 97.85 62.89
1786306162 86.88 97.85 62.89
1786306163 86.88 97.85 62.89
1786306164 86.88 97.85 62.89
1786306165 95.86 99.53 63.63
1786306166 95.86 99.53 63.63
1786306167 95.86 99.53 63.63
1786306168 95.86 99.53 63.63
1786306169 95.86 99.53 63.63
1786306170 88.26 97.89 63.29
1786306171 88.26 97.89 63.29
1786306172 88.26 97.89 63.29
1786306173 88.26 97.89 63.29
1786306174 88.26 97.89 63.29
1786306175 97.13 99.57 64.02
1786306176 97.13 99.57 64.02
1786306177 97.13 99.57 64.02
1786306178 97.13 99.57 64.02
1786306179 97.13 99.57 64.02
1786306180 89.51 97.95 63.68
1786306181 89.51 97.95 63.68
1786306182 89.51 97.95 63.68
1786306183 89.51 97.95 63.68
1786306184 89.51 97.95 63.68
1786306185 98.44 99.66 64.42
1786306186 98.44 99.66 64.42
1786306187 98.44 99.66 64.42
1786306189 98.44 99.66 64.42
1786306190 98.44 99.66 64.42
