1786410486 19.70 47.63 64.87
1786410487 19.70 47.63 64.87
1786410488 18.29 46.87 64.53
1786410489 18.29 46.87 64.53
1786410490 18.29 46.87 64.53
1786410491 18.29 46.87 64.53
1786410492 18.29 46.87 64.53
1786410493 17.14 46.16 64.20
1786410494 17.14 46.16 64.20
1786410495 17.14 46.16 64.20
1786410496 17.14 46.16 64.20
1786410498 17.14 46.16 64.20
1786410499 15.93 45.43 63.87
1786410500 15.93 45.43 63.87
1786410501 15.93 45.43 63.87
1786410502 15.93 45.43 63.87
1786410503 15.93 45.43 63.87
1786410504 22.82 46.37 64.08
1786410505 22.82 46.37 64.08
1786410506 22.82 46.37 64.08
1786410507 22.82 46.37 64.08
1786410508 22.82 46.37 64.08
1786410509 21.23 45.65 63.75
1786410510 21.23 45.65 63.75
1786410511 21.23 45.65 63.75
1786410512 21.23 45.65 63.75
1786410513 21.23 45.65 63.75
1786410514 27.54 46.55 63.94
1786410515 27.54 46.55 63.94
1786410516 27.54 46.55 63.94
1786410517 27.54 46.55 63.94
1786410518 27.54 46.55 63.94
1786410519 25.66 45.84 63.62
1786410520 25.66 45.84 63.62
1786410521 25.66 45.84 63.62
1786410522 25.66 45.84 63.62
1786410523 25.66 45.84 63.62
1786410524 24.08 45.18 63.31
1786410525 24.08 45.18 63.31
1786410526 24.08 45.18 63.31
1786410527 24.08 45.18 63.31
1786410528 24.08 45.18 63.31
1786410529 22.47 44.50 62.99
1786410530 22.47 44.50 62.99
1786410531 22.47 44.50 62.99
1786410532 22.47 44.50 62.99
1786410533 22.47 44.50 62.99
1786410534 20.91 43.81 62.67
1786410535 20.91 43.81 62.67
1786410536 20.91 43.81 62.67
1786410537 20.91 43.81 62.67
1786410538 20.91 43.81 62.67
1786410539 35.10 46.37 63.40
1786410540 35.10 46.37 63.40
1786410541 35.10 46.37 63.40
1786410542 35.10 46.37 63.40
1786410543 35.10 46.37 63.40
1786410544 32.69 45.68 63.08
1786410545 32.69 45.68 63.08
1786410546 32.69 45.68 63.08
1786410547 32.69 45.68 63.08
1786410548 32.69 45.68 63.08
1786410549 30.31 44.97 62.76
1786410550 30.31 44.97 62.76
1786410551 30.31 44.97 62.76
1786410552 30.31 44.97 62.76
1786410553 30.31 44.97 62.76
1786410554 28.12 44.28 62.44
1786410555 28.12 44.28 62.44
1786410556 28.12 44.28 62.44
1786410557 28.12 44.28 62.44
1786410558 28.12 44.28 62.44
1786410559 33.96 45.22 62.65
1786410560 33.96 45.22 62.65
1786410561 33.96 45.22 62.65
1786410562 33.96 45.22 62.65
1786410563 33.96 45.22 62.65
1786410564 31.56 44.53 62.33
1786410565 31.56 44.53 62.33
1786410566 31.56 44.53 62.33
1786410567 31.56 44.53 62.33
1786410568 31.56 44.53 62.33
1786410569 29.51 43.89 62.03
1786410570 29.51 43.89 62.03
1786410571 29.51 43.89 62.03
1786410572 29.51 43.89 62.03
1786410573 29.51 43.89 62.03
1786410574 27.39 43.21 61.71
1786410575 27.39 43.21 61.71
1786410576 27.39 43.21 61.71
1786410577 27.39 43.21 61.71
1786410578 27.39 43.21 61.71
1786410579 25.43 42.55 61.39
1786410580 25.43 42.55 61.39
1786410581 25.43 42.55 61.39
1786410582 25.43 42.55 61.39
1786410583 25.43 42.55 61.39
1786410584 23.80 41.92 61.09
1786410585 23.80 41.92 61.09
1786410586 23.80 41.92 61.09
1786410587 23.80 41.92 61.09
1786410588 23.80 41.92 61.09
1786410589 22.13 41.28 60.78
1786410590 22.13 41.28 60.78
1786410591 22.13 41.28 60.78
1786410592 22.13 41.28 60.78
1786410593 20.52 40.62 60.46
1786410594 20.52 40.62 60.46
1786410595 20.52 40.62 60.46
1786410596 20.52 40.62 60.46
1786410597 20.52 40.62 60.46
1786410598 19.12 40.00 60.15
1786410599 19.12 40.00 60.15
1786410600 19.12 40.00 60.15
1786410601 19.12 40.00 60.15
1786410602 19.12 40.00 60.15
1786410603 25.83 41.04 60.38
1786410604 25.83 41.04 60.38
1786410605 25.83 41.04 60.38
1786410606 25.83 41.04 60.38
1786410607 25.83 41.04 60.38
1786410608 24.09 40.43 60.08
1786410609 24.09 40.43 60.08
1786410610 24.09 40.43 60.08
1786410611 24.09 40.43 60.08
1786410612 24.09 40.43 60.08
1786410613 30.33 41.45 60.31
1786410614 30.33 41.45 60.31
1786410615 30.33 41.45 60.31
1786410616 30.33 41.45 60.31
1786410617 30.33 41.45 60.31
1786410618 28.22 40.83 60.00
1786410619 28.22 40.83 60.00
1786410620 28.22 40.83 60.00
1786410621 28.22 40.83 60.00
1786410622 28.22 40.83 60.00
1786410623 34.13 41.85 60.23
1786410624 34.13 41.85 60.23
1786410625 34.13 41.85 60.23
1786410626 34.13 41.85 60.23
1786410627 34.13 41.85 60.23
1786410628 39.64 42.86 60.46
1786410629 39.64 42.86 60.46
1786410630 39.64 42.86 60.46
1786410631 39.64 42.86 60.46
1786410632 39.64 42.86 60.46
1786410633 42.95 43.49 60.57
1786410634 42.95 43.49 60.57
1786410635 42.95 43.49 60.57
1786410636 42.95 43.49 60.57
1786410637 42.95 43.49 60.57
1786410638 39.91 42.85 60.27
1786410639 39.91 42.85 60.27
1786410640 39.91 42.85 60.27
1786410641 39.91 42.85 60.27
1786410642 39.91 42.85 60.27
1786410644 37.28 42.26 59.99
1786410645 37.28 42.26 59.99
1786410646 37.28 42.26 59.99
1786410647 37.28 42.26 59.99
1786410648 37.28 42.26 59.99
1786410649 34.53 41.61 59.68
1786410650 34.53 41.61 59.68
1786410651 34.53 41.61 59.68
1786410652 34.53 41.61 59.68
1786410653 34.53 41.61 59.68
1786410654 36.25 41.85 59.66
1786410655 36.25 41.85 59.66
1786410656 36.25 41.85 59.66
1786410657 36.25 41.85 59.66
1786410658 36.25 41.85 59.66
1786410659 34.47 41.38 59.41
1786410660 34.47 41.38 59.41
1786410661 34.47 41.38 59.41
1786410662 34.47 41.38 59.41
1786410663 34.47 41.38 59.41
1786410664 31.87 40.73 59.10
1786410665 31.87 40.73 59.10
1786410666 31.87 40.73 59.10
1786410667 31.87 40.73 59.10
1786410668 31.87 40.73 59.10
1786410669 37.57 41.76 59.34
1786410670 37.57 41.76 59.34
1786410671 37.57 41.76 59.34
1786410672 37.57 41.76 59.34
1786410673 37.57 41.76 59.34
1786410674 34.80 41.12 59.04
1786410675 34.80 41.12 59.04
1786410676 34.80 41.12 59.04
1786410677 34.80 41.12 59.04
1786410678 34.80 41.12 59.04
1786410679 32.25 40.49 58.74
1786410680 32.25 40.49 58.74
1786410681 32.25 40.49 58.74
1786410682 32.25 40.49 58.74
1786410683 32.25 40.49 58.74
1786410684 29.99 39.88 58.44
1786410685 29.99 39.88 58.44
1786410686 29.99 39.88 58.44
1786410687 29.99 39.88 58.44
1786410688 29.99 39.88 58.44
1786410689 28.07 39.32 58.16
1786410690 28.07 39.32 58.16
1786410691 28.07 39.32 58.16
1786410692 28.07 39.32 58.16
1786410693 28.07 39.32 58.16
1786410694 31.18 39.78 58.21
1786410695 31.18 39.78 58.21
1786410696 31.18 39.78 58.21
1786410697 31.18 39.78 58.21
1786410698 31.18 39.78 58.21
1786410699 36.86 40.81 58.44
1786410700 36.86 40.81 58.44
1786410701 36.86 40.81 58.44
1786410702 36.86 40.81 58.44
1786410703 36.86 40.81 58.44
1786410704 34.22 40.20 58.15
1786410705 34.22 40.20 58.15
1786410706 34.22 40.20 58.15
1786410707 34.22 40.20 58.15
1786410708 34.22 40.20 58.15
1786410709 31.72 39.58 57.85
1786410710 31.72 39.58 57.85
1786410711 31.72 39.58 57.85
1786410712 31.72 39.58 57.85
1786410713 31.72 39.58 57.85
1786410714 29.34 38.96 57.55
1786410715 29.34 38.96 57.55
1786410716 29.34 38.96 57.55
1786410717 29.34 38.96 57.55
1786410718 29.34 38.96 57.55
1786410719 27.07 38.33 57.25
1786410720 27.07 38.33 57.25
