1786413719 89.24 66.62 33.44
1786413720 89.24 66.62 33.44
1786413721 82.50 65.60 33.29
1786413722 82.50 65.60 33.29
1786413723 82.50 65.60 33.29
1786413724 82.50 65.60 33.29
1786413725 82.50 65.60 33.29
1786413726 76.29 64.60 33.13
1786413727 76.29 64.60 33.13
1786413728 76.29 64.60 33.13
1786413729 76.29 64.60 33.13
1786413730 76.29 64.60 33.13
1786413731 70.58 63.61 32.98
1786413732 70.58 63.61 32.98
1786413733 70.58 63.61 32.98
1786413734 70.58 63.61 32.98
1786413736 70.58 63.61 32.98
1786413737 96.64 69.12 34.93
1786413738 96.64 69.12 34.93
1786413739 96.64 69.12 34.93
1786413740 96.64 69.12 34.93
1786413741 96.64 69.12 34.93
1786413742 99.47 70.17 35.45
1786413743 99.47 70.17 35.45
1786413744 99.47 70.17 35.45
1786413745 99.47 70.17 35.45
1786413746 99.47 70.17 35.45
1786413747 95.51 69.83 35.53
1786413748 95.51 69.83 35.53
1786413749 95.51 69.83 35.53
1786413750 95.51 69.83 35.53
1786413751 109.56 73.17 36.80
1786413752 109.56 73.17 36.80
1786413753 109.56 73.17 36.80
1786413754 109.56 73.17 36.80
1786413755 109.56 73.17 36.80
1786413756 101.35 72.07 36.64
1786413757 101.35 72.07 36.64
1786413758 101.35 72.07 36.64
1786413759 101.35 72.07 36.64
1786413760 101.35 72.07 36.64
1786413761 93.64 70.96 36.47
1786413762 93.64 70.96 36.47
1786413763 93.64 70.96 36.47
1786413764 93.64 70.96 36.47
1786413765 93.64 70.96 36.47
1786413766 92.30 71.06 36.69
1786413767 92.30 71.06 36.69
1786413768 92.30 71.06 36.69
1786413769 92.30 71.06 36.69
1786413770 92.30 71.06 36.69
1786413771 85.39 69.98 36.52
1786413772 85.39 69.98 36.52
1786413773 85.39 69.98 36.52
1786413774 85.39 69.98 36.52
1786413775 85.39 69.98 36.52
1786413776 79.03 68.92 36.36
1786413777 79.03 68.92 36.36
1786413778 79.03 68.92 36.36
1786413779 79.03 68.92 36.36
1786413780 79.03 68.92 36.36
1786413781 84.00 70.11 36.92
1786413782 84.00 70.11 36.92
1786413783 84.00 70.11 36.92
1786413784 84.00 70.11 36.92
1786413785 84.00 70.11 36.92
1786413786 111.46 76.04 39.01
1786413787 111.46 76.04 39.01
1786413788 111.46 76.04 39.01
1786413789 111.46 76.04 39.01
1786413790 111.46 76.04 39.01
1786413791 133.77 81.25 40.90
1786413792 133.77 81.25 40.90
1786413793 133.77 81.25 40.90
1786413794 133.77 81.25 40.90
1786413795 133.77 81.25 40.90
1786413796 123.78 80.05 40.73
1786413797 123.78 80.05 40.73
1786413798 123.78 80.05 40.73
1786413799 123.78 80.05 40.73
1786413800 123.78 80.05 40.73
1786413801 114.35 78.82 40.54
1786413802 114.35 78.82 40.54
1786413803 114.35 78.82 40.54
1786413804 114.35 78.82 40.54
1786413805 114.35 78.82 40.54
1786413806 115.84 79.72 41.04
1786413807 115.84 79.72 41.04
1786413808 115.84 79.72 41.04
1786413810 115.84 79.72 41.04
1786413811 115.84 79.72 41.04
1786413812 107.20 78.53 40.86
1786413813 107.20 78.53 40.86
1786413814 107.20 78.53 40.86
1786413815 107.20 78.53 40.86
1786413816 107.20 78.53 40.86
1786413817 99.02 77.31 40.67
1786413818 99.02 77.31 40.67
1786413819 99.02 77.31 40.67
1786413820 99.02 77.31 40.67
1786413821 99.02 77.31 40.67
1786413822 101.74 78.24 41.16
1786413823 101.74 78.24 41.16
1786413824 101.74 78.24 41.16
1786413825 101.74 78.24 41.16
1786413826 101.74 78.24 41.16
1786413827 94.07 77.04 40.97
1786413828 94.07 77.04 40.97
1786413829 94.07 77.04 40.97
1786413830 94.07 77.04 40.97
1786413831 94.07 77.04 40.97
1786413832 110.40 80.70 42.36
1786413833 110.40 80.70 42.36
1786413834 110.40 80.70 42.36
1786413835 110.40 80.70 42.36
1786413836 140.32 87.40 44.73
1786413837 140.32 87.40 44.73
1786413838 140.32 87.40 44.73
1786413839 140.32 87.40 44.73
1786413840 140.32 87.40 44.73
1786413841 139.73 88.16 45.20
1786413842 139.73 88.16 45.20
1786413843 139.73 88.16 45.20
1786413844 139.73 88.16 45.20
1786413845 139.73 88.16 45.20
1786413846 129.10 86.81 45.00
1786413847 129.10 86.81 45.00
1786413848 129.10 86.81 45.00
1786413849 129.10 86.81 45.00
1786413850 129.10 86.81 45.00
1786413851 120.05 85.63 44.84
1786413852 120.05 85.63 44.84
1786413853 120.05 85.63 44.84
1786413854 120.05 85.63 44.84
1786413855 120.05 85.63 44.84
1786413856 111.31 84.39 44.66
1786413857 111.31 84.39 44.66
1786413858 111.31 84.39 44.66
1786413859 111.31 84.39 44.66
1786413860 111.31 84.39 44.66
1786413861 102.88 83.09 44.45
1786413862 102.88 83.09 44.45
1786413863 102.88 83.09 44.45
1786413864 102.88 83.09 44.45
1786413865 102.88 83.09 44.45
1786413866 118.43 86.64 45.81
1786413867 118.43 86.64 45.81
1786413868 118.43 86.64 45.81
1786413869 118.43 86.64 45.81
1786413870 118.43 86.64 45.81
1786413871 130.80 89.74 47.03
1786413872 130.80 89.74 47.03
1786413873 130.80 89.74 47.03
1786413874 130.80 89.74 47.03
1786413875 130.80 89.74 47.03
1786413876 124.97 89.21 47.09
1786413877 124.97 89.21 47.09
1786413878 124.97 89.21 47.09
1786413879 124.97 89.21 47.09
1786413880 124.97 89.21 47.09
1786413881 125.46 89.91 47.54
1786413882 125.46 89.91 47.54
1786413883 125.46 89.91 47.54
1786413884 125.46 89.91 47.54
1786413885 125.46 89.91 47.54
1786413886 116.05 88.55 47.33
1786413887 116.05 88.55 47.33
1786413889 116.05 88.55 47.33
1786413890 116.05 88.55 47.33
1786413891 116.05 88.55 47.33
1786413892 107.56 87.24 47.13
1786413893 107.56 87.24 47.13
1786413894 107.56 87.24 47.13
1786413895 107.56 87.24 47.13
1786413896 107.56 87.24 47.13
1786413897 99.27 85.86 46.89
1786413898 99.27 85.86 46.89
1786413899 99.27 85.86 46.89
1786413900 99.27 85.86 46.89
1786413901 99.27 85.86 46.89
1786413902 91.64 84.50 46.66
1786413903 91.64 84.50 46.66
1786413904 91.64 84.50 46.66
1786413905 91.64 84.50 46.66
