1786416535 107.42 118.25 155.25
1786416536 107.42 118.25 155.25
1786416537 107.42 118.25 155.25
1786416538 99.78 116.49 154.48
1786416539 99.78 116.49 154.48
1786416540 99.78 116.49 154.48
1786416541 99.78 116.49 154.48
1786416542 99.78 116.49 154.48
1786416543 92.51 114.70 153.69
1786416544 92.51 114.70 153.69
1786416545 92.51 114.70 153.69
1786416546 92.51 114.70 153.69
1786416547 92.51 114.70 153.69
1786416548 85.82 112.95 152.92
1786416549 85.82 112.95 152.92
1786416550 85.82 112.95 152.92
1786416551 85.82 112.95 152.92
1786416552 85.82 112.95 152.92
1786416553 89.12 113.18 152.78
1786416554 89.12 113.18 152.78
1786416555 89.12 113.18 152.78
1786416556 89.12 113.18 152.78
1786416557 89.12 113.18 152.78
1786416558 120.50 119.29 154.54
1786416559 120.50 119.29 154.54
1786416560 120.50 119.29 154.54
1786416561 120.50 119.29 154.54
1786416562 120.50 119.29 154.54
1786416563 164.75 128.48 157.33
1786416564 164.75 128.48 157.33
1786416565 164.75 128.48 157.33
1786416566 164.75 128.48 157.33
1786416567 164.75 128.48 157.33
1786416568 190.87 134.50 159.12
1786416569 190.87 134.50 159.12
1786416570 190.87 134.50 159.12
1786416572 190.87 134.50 159.12
1786416573 190.87 134.50 159.12
1786416574 213.78 140.19 160.83
1786416575 213.78 140.19 160.83
1786416576 213.78 140.19 160.83
1786416577 213.78 140.19 160.83
1786416578 213.78 140.19 160.83
1786416579 257.20 150.41 164.02
1786416580 257.20 150.41 164.02
1786416581 257.20 150.41 164.02
1786416582 257.20 150.41 164.02
1786416583 257.20 150.41 164.02
1786416584 292.18 159.44 166.87
1786416585 292.18 159.44 166.87
1786416586 292.18 159.44 166.87
1786416587 292.18 159.44 166.87
1786416588 292.18 159.44 166.87
1786416589 309.55 165.24 168.71
1786416590 309.55 165.24 168.71
1786416591 309.55 165.24 168.71
1786416592 309.55 165.24 168.71
1786416593 309.55 165.24 168.71
1786416594 325.04 170.85 170.50
1786416595 325.04 170.85 170.50
1786416596 325.04 170.85 170.50
1786416597 325.04 170.85 170.50
1786416598 325.04 170.85 170.50
1786416599 361.87 181.04 173.80
1786416600 361.87 181.04 173.80
1786416601 361.87 181.04 173.80
1786416602 361.87 181.04 173.80
1786416603 361.87 181.04 173.80
1786416604 383.18 188.46 176.24
1786416605 383.18 188.46 176.24
1786416606 383.18 188.46 176.24
1786416607 383.18 188.46 176.24
1786416608 385.97 192.27 177.54
1786416609 385.97 192.27 177.54
1786416610 385.97 192.27 177.54
1786416611 385.97 192.27 177.54
1786416612 385.97 192.27 177.54
1786416613 385.33 195.36 178.62
1786416614 385.33 195.36 178.62
1786416615 385.33 195.36 178.62
1786416616 385.33 195.36 178.62
1786416617 385.33 195.36 178.62
1786416618 391.15 199.72 180.12
1786416619 391.15 199.72 180.12
1786416620 391.15 199.72 180.12
1786416621 391.15 199.72 180.12
1786416622 391.15 199.72 180.12
1786416623 419.41 208.75 183.15
1786416624 419.41 208.75 183.15
1786416625 419.41 208.75 183.15
1786416626 419.41 208.75 183.15
1786416627 419.41 208.75 183.15
1786416628 429.54 214.35 185.10
1786416629 429.54 214.35 185.10
1786416630 429.54 214.35 185.10
1786416631 429.54 214.35 185.10
1786416632 429.54 214.35 185.10
1786416633 447.28 221.60 187.60
1786416634 447.28 221.60 187.60
1786416635 447.28 221.60 187.60
1786416636 447.28 221.60 187.60
1786416637 447.28 221.60 187.60
1786416638 448.86 225.68 189.10
1786416639 448.86 225.68 189.10
1786416640 448.86 225.68 189.10
1786416641 448.86 225.68 189.10
1786416642 448.86 225.68 189.10
1786416643 463.84 232.49 191.50
1786416644 463.84 232.49 191.50
1786416645 463.84 232.49 191.50
1786416646 463.84 232.49 191.50
1786416647 463.84 232.49 191.50
1786416649 455.13 234.52 192.38
1786416650 455.13 234.52 192.38
1786416651 455.13 234.52 192.38
1786416652 455.13 234.52 192.38
1786416653 455.13 234.52 192.38
1786416654 449.99 237.12 193.45
1786416655 449.99 237.12 193.45
1786416656 449.99 237.12 193.45
1786416657 449.99 237.12 193.45
1786416658 449.99 237.12 193.45
1786416659 466.01 243.98 195.90
1786416660 466.01 243.98 195.90
1786416661 466.01 243.98 195.90
1786416662 466.01 243.98 195.90
1786416663 466.01 243.98 195.90
1786416664 468.81 248.24 197.54
1786416665 468.81 248.24 197.54
1786416666 468.81 248.24 197.54
1786416667 468.81 248.24 197.54
1786416668 468.81 248.24 197.54
1786416669 464.82 251.08 198.73
1786416670 464.82 251.08 198.73
1786416671 464.82 251.08 198.73
1786416672 464.82 251.08 198.73
1786416673 464.82 251.08 198.73
1786416674 460.35 253.70 199.86
1786416675 460.35 253.70 199.86
1786416676 460.35 253.70 199.86
1786416677 460.35 253.70 199.86
1786416678 460.35 253.70 199.86
1786416679 475.70 260.31 202.29
1786416680 475.70 260.31 202.29
1786416681 475.70 260.31 202.29
1786416682 475.70 260.31 202.29
1786416683 475.70 260.31 202.29
1786416684 466.35 261.95 203.13
1786416685 466.35 261.95 203.13
1786416686 466.35 261.95 203.13
1786416687 466.35 261.95 203.13
1786416688 464.32 264.92 204.41
1786416689 464.32 264.92 204.41
1786416690 464.32 264.92 204.41
1786416691 464.32 264.92 204.41
1786416692 464.32 264.92 204.41
1786416693 465.18 268.41 205.86
1786416694 465.18 268.41 205.86
1786416695 465.18 268.41 205.86
1786416696 465.18 268.41 205.86
1786416697 465.18 268.41 205.86
1786416698 478.70 274.48 208.16
1786416699 478.70 274.48 208.16
1786416700 478.70 274.48 208.16
1786416701 478.70 274.48 208.16
1786416702 478.70 274.48 208.16
1786416703 479.28 277.99 209.65
1786416704 479.28 277.99 209.65
1786416705 479.28 277.99 209.65
1786416706 479.28 277.99 209.65
1786416707 479.28 277.99 209.65
1786416708 476.70 280.80 210.93
1786416709 476.70 280.80 210.93
1786416710 476.70 280.80 210.93
1786416711 476.70 280.80 210.93
1786416712 476.70 280.80 210.93
1786416713 488.73 286.55 213.16
1786416714 488.73 286.55 213.16
1786416715 488.73 286.55 213.16
1786416716 488.73 286.55 213.16
1786416717 488.73 286.55 213.16
1786416719 484.27 288.98 214.34
1786416720 484.27 288.98 214.34
1786416721 484.27 288.98 214.34
1786416722 484.27 288.98 214.34
1786416723 484.27 288.98 214.34
1786416724 484.25 292.22 215.79
1786416725 484.25 292.22 215.79
1786416726 484.25 292.22 215.79
1786416727 484.25 292.22 215.79
1786416728 484.25 292.22 215.79
1786416729 488.47 296.28 217.52
1786416730 488.47 296.28 217.52
1786416731 488.47 296.28 217.52
1786416732 488.47 296.28 217.52
1786416733 488.47 296.28 217.52
1786416734 509.17 303.76 220.36
1786416735 509.17 303.76 220.36
1786416736 509.17 303.76 220.36
1786416737 509.17 303.76 220.36
1786416738 509.17 303.76 220.36
1786416739 520.61 309.54 222.68
1786416740 520.61 309.54 222.68
1786416741 520.61 309.54 222.68
1786416742 520.61 309.54 222.68
1786416743 520.61 309.54 222.68
1786416744 530.41 315.08 224.94
1786416745 530.41 315.08 224.94
1786416746 530.41 315.08 224.94
1786416747 530.41 315.08 224.94
1786416748 530.41 315.08 224.94
1786416749 538.47 320.33 227.12
1786416750 538.47 320.33 227.12
1786416751 538.47 320.33 227.12
1786416752 538.47 320.33 227.12
1786416753 538.47 320.33 227.12
1786416754 528.66 321.91 228.14
1786416755 528.66 321.91 228.14
1786416756 528.66 321.91 228.14
1786416757 528.66 321.91 228.14
1786416758 528.66 321.91 228.14
1786416759 512.19 321.93 228.65
1786416760 512.19 321.93 228.65
1786416761 512.19 321.93 228.65
1786416762 512.19 321.93 228.65
