1786310276 341.77 320.98 273.16
1786310277 341.77 320.98 273.16
1786310278 341.77 320.98 273.16
1786310279 315.12 315.80 271.75
1786310280 315.12 315.80 271.75
1786310281 315.12 315.80 271.75
1786310282 315.12 315.80 271.75
1786310283 315.12 315.80 271.75
1786310284 290.69 310.72 270.34
1786310285 290.69 310.72 270.34
1786310286 290.69 310.72 270.34
1786310287 290.69 310.72 270.34
1786310288 290.69 310.72 270.34
1786310289 268.13 305.71 268.94
1786310290 268.13 305.71 268.94
1786310291 268.13 305.71 268.94
1786310292 268.13 305.71 268.94
1786310293 268.13 305.71 268.94
1786310294 247.14 300.74 267.52
1786310295 247.14 300.74 267.52
1786310296 247.14 300.74 267.52
1786310297 247.14 300.74 267.52
1786310298 247.14 300.74 267.52
1786310299 227.35 295.75 266.09
1786310300 227.35 295.75 266.09
1786310301 227.35 295.75 266.09
1786310302 227.35 295.75 266.09
1786310303 227.35 295.75 266.09
1786310304 209.38 290.89 264.67
1786310305 209.38 290.89 264.67
1786310306 209.38 290.89 264.67
1786310307 209.38 290.89 264.67
1786310308 209.38 290.89 264.67
1786310309 192.86 286.11 263.27
1786310311 192.86 286.11 263.27
1786310312 192.86 286.11 263.27
1786310313 192.86 286.11 263.27
1786310314 225.38 291.30 265.07
1786310315 225.38 291.30 265.07
1786310316 225.38 291.30 265.07
1786310317 225.38 291.30 265.07
1786310318 225.38 291.30 265.07
1786310319 275.08 300.51 268.19
1786310320 275.08 300.51 268.19
1786310321 275.08 300.51 268.19
1786310322 275.08 300.51 268.19
1786310323 275.08 300.51 268.19
1786310324 290.29 303.24 269.25
1786310325 290.29 303.24 269.25
1786310326 290.29 303.24 269.25
1786310327 290.29 303.24 269.25
1786310328 290.29 303.24 269.25
1786310329 300.43 305.13 270.04
1786310330 300.43 305.13 270.04
1786310332 300.43 305.13 270.04
1786310333 300.43 305.13 270.04
1786310334 329.87 311.15 272.18
1786310335 329.87 311.15 272.18
1786310336 329.87 311.15 272.18
1786310337 329.87 311.15 272.18
1786310338 329.87 311.15 272.18
1786310339 359.19 317.54 274.46
1786310340 359.19 317.54 274.46
1786310341 359.19 317.54 274.46
1786310342 359.19 317.54 274.46
1786310343 359.19 317.54 274.46
1786310344 356.21 317.62 274.71
1786310345 356.21 317.62 274.71
1786310346 356.21 317.62 274.71
1786310347 356.21 317.62 274.71
1786310348 356.21 317.62 274.71
1786310349 365.80 320.25 275.79
1786310350 365.80 320.25 275.79
1786310351 365.80 320.25 275.79
1786310352 365.80 320.25 275.79
1786310353 365.80 320.25 275.79
1786310354 384.64 324.91 277.54
1786310356 384.64 324.91 277.54
1786310357 384.64 324.91 277.54
1786310358 384.64 324.91 277.54
1786310359 394.76 328.00 278.80
1786310360 394.76 328.00 278.80
1786310361 394.76 328.00 278.80
1786310362 394.76 328.00 278.80
1786310363 394.76 328.00 278.80
1786310364 402.54 330.72 279.94
1786310365 402.54 330.72 279.94
1786310366 402.54 330.72 279.94
1786310367 402.54 330.72 279.94
1786310368 402.54 330.72 279.94
1786310369 412.91 334.06 281.30
1786310370 412.91 334.06 281.30
1786310371 412.91 334.06 281.30
1786310372 412.91 334.06 281.30
1786310373 412.91 334.06 281.30
1786310374 435.90 340.14 283.54
1786310375 435.90 340.14 283.54
1786310377 435.90 340.14 283.54
1786310378 435.90 340.14 283.54
1786310379 435.90 340.14 283.54
1786310380 444.32 343.47 284.93
1786310381 444.32 343.47 284.93
1786310382 444.32 343.47 284.93
1786310383 444.32 343.47 284.93
1786310384 457.82 347.95 286.69
1786310385 457.82 347.95 286.69
1786310386 457.82 347.95 286.69
1786310387 457.82 347.95 286.69
1786310388 457.82 347.95 286.69
1786310389 451.11 348.38 287.16
1786310390 451.11 348.38 287.16
1786310391 451.11 348.38 287.16
1786310392 451.11 348.38 287.16
1786310393 451.11 348.38 287.16
1786310394 467.20 353.42 289.12
1786310395 467.20 353.42 289.12
1786310396 467.20 353.42 289.12
1786310397 467.20 353.42 289.12
1786310398 467.20 353.42 289.12
1786310399 474.55 356.83 290.57
1786310400 474.55 356.83 290.57
1786310402 474.55 356.83 290.57
1786310403 474.55 356.83 290.57
1786310404 488.84 361.75 292.52
1786310405 488.84 361.75 292.52
1786310406 488.84 361.75 292.52
1786310407 488.84 361.75 292.52
1786310408 488.84 361.75 292.52
1786310409 459.06 357.69 291.57
1786310410 459.06 357.69 291.57
1786310411 459.06 357.69 291.57
1786310412 459.06 357.69 291.57
1786310413 459.06 357.69 291.57
1786310414 423.50 352.00 290.09
1786310415 423.50 352.00 290.09
1786310416 423.50 352.00 290.09
1786310417 423.50 352.00 290.09
1786310418 423.50 352.00 290.09
1786310419 389.59 346.15 288.53
1786310420 389.59 346.15 288.53
1786310421 389.59 346.15 288.53
1786310423 389.59 346.15 288.53
1786310424 389.59 346.15 288.53
1786310425 358.55 340.44 286.99
1786310426 358.55 340.44 286.99
1786310427 358.55 340.44 286.99
1786310428 358.55 340.44 286.99
1786310429 329.92 334.81 285.45
1786310430 329.92 334.81 285.45
1786310431 329.92 334.81 285.45
1786310432 329.92 334.81 285.45
1786310433 329.92 334.81 285.45
1786310434 303.98 329.35 283.95
1786310435 303.98 329.35 283.95
1786310436 303.98 329.35 283.95
1786310437 303.98 329.35 283.95
1786310438 303.98 329.35 283.95
1786310439 324.08 333.09 285.41
1786310440 324.08 333.09 285.41
1786310441 324.08 333.09 285.41
1786310442 324.08 333.09 285.41
1786310443 324.08 333.09 285.41
1786310444 346.58 337.61 287.13
1786310445 346.58 337.61 287.13
1786310447 346.58 337.61 287.13
1786310448 346.58 337.61 287.13
1786310449 346.58 337.61 287.13
1786310450 353.58 339.21 287.91
1786310451 353.58 339.21 287.91
1786310452 353.58 339.21 287.91
1786310453 353.58 339.21 287.91
1786310454 368.83 342.61 289.29
1786310455 368.83 342.61 289.29
1786310456 368.83 342.61 289.29
1786310457 368.83 342.61 289.29
1786310458 368.83 342.61 289.29
1786310459 367.08 342.68 289.60
1786310460 367.08 342.68 289.60
1786310461 367.08 342.68 289.60
1786310462 367.08 342.68 289.60
1786310463 367.08 342.68 289.60
1786310464 374.36 344.60 290.50
1786310465 374.36 344.60 290.50
1786310466 374.36 344.60 290.50
1786310467 374.36 344.60 290.50
1786310469 374.36 344.60 290.50
1786310470 396.75 349.73 292.46
1786310471 396.75 349.73 292.46
1786310472 396.75 349.73 292.46
1786310473 396.75 349.73 292.46
1786310474 412.07 353.69 294.04
1786310475 412.07 353.69 294.04
1786310476 412.07 353.69 294.04
1786310477 412.07 353.69 294.04
1786310478 412.07 353.69 294.04
1786310479 429.04 358.18 295.82
1786310480 429.04 358.18 295.82
1786310481 429.04 358.18 295.82
1786310482 429.04 358.18 295.82
1786310483 429.04 358.18 295.82
1786310484 431.28 359.82 296.68
1786310485 431.28 359.82 296.68
1786310486 431.28 359.82 296.68
1786310487 431.28 359.82 296.68
1786310488 431.28 359.82 296.68
1786310489 434.30 361.63 297.61
1786310490 434.30 361.63 297.61
1786310492 434.30 361.63 297.61
1786310493 434.30 361.63 297.61
1786310494 434.30 361.63 297.61
1786310495 458.62 367.88 299.97
1786310496 458.62 367.88 299.97
1786310497 458.62 367.88 299.97
1786310498 458.62 367.88 299.97
1786310499 481.71 374.17 302.38
1786310500 481.71 374.17 302.38
1786310501 481.71 374.17 302.38
1786310502 481.71 374.17 302.38
1786310503 481.71 374.17 302.38
1786310504 498.63 379.47 304.47
1786310505 498.63 379.47 304.47
1786310506 498.63 379.47 304.47
1786310507 498.63 379.47 304.47
1786310508 498.63 379.47 304.47
1786310509 485.29 378.68 304.62
1786310510 485.29 378.68 304.62
1786310511 485.29 378.68 304.62
1786310512 485.29 378.68 304.62
1786310513 485.29 378.68 304.62
1786310514 491.67 381.77 306.02
1786310516 491.67 381.77 306.02
1786310517 491.67 381.77 306.02
1786310518 491.67 381.77 306.02
1786310519 491.67 381.77 306.02
1786310520 491.54 383.57 307.01
1786310521 491.54 383.57 307.01
1786310522 491.54 383.57 307.01
1786310523 491.54 383.57 307.01
1786310524 494.30 385.93 308.19
1786310525 494.30 385.93 308.19
1786310526 494.30 385.93 308.19
1786310527 494.30 385.93 308.19
1786310528 494.30 385.93 308.19
1786310529 502.28 389.39 309.72
1786310530 502.28 389.39 309.72
1786310531 502.28 389.39 309.72
1786310532 502.28 389.39 309.72
1786310533 502.28 389.39 309.72
1786310534 466.14 383.77 308.33
1786310535 466.14 383.77 308.33
1786310536 466.14 383.77 308.33
1786310537 466.14 383.77 308.33
1786310538 466.14 383.77 308.33
1786310539 429.22 377.48 306.70
1786310541 429.22 377.48 306.70
1786310542 429.22 377.48 306.70
1786310543 429.22 377.48 306.70
1786310544 429.22 377.48 306.70
1786310545 395.09 371.26 305.07
1786310546 395.09 371.26 305.07
1786310547 395.09 371.26 305.07
1786310548 395.09 371.26 305.07
1786310549 363.61 365.13 303.44
1786310550 363.61 365.13 303.44
1786310551 363.61 365.13 303.44
1786310552 363.61 365.13 303.44
1786310553 363.61 365.13 303.44
1786310554 334.65 359.10 301.82
1786310555 334.65 359.10 301.82
1786310556 334.65 359.10 301.82
1786310557 334.65 359.10 301.82
1786310558 334.65 359.10 301.82
1786310559 307.93 353.16 300.21
1786310560 307.93 353.16 300.21
1786310562 307.93 353.16 300.21
1786310563 307.93 353.16 300.21
1786310564 307.93 353.16 300.21
1786310565 325.32 356.01 301.41
1786310566 325.32 356.01 301.41
1786310567 325.32 356.01 301.41
1786310568 325.32 356.01 301.41
1786310569 333.38 357.17 302.08
1786310570 333.38 357.17 302.08
1786310571 333.38 357.17 302.08
1786310572 333.38 357.17 302.08
1786310573 333.38 357.17 302.08
1786310574 352.97 360.84 303.57
1786310575 352.97 360.84 303.57
1786310576 352.97 360.84 303.57
1786310577 352.97 360.84 303.57
1786310578 352.97 360.84 303.57
1786310579 366.50 363.52 304.74
1786310580 366.50 363.52 304.74
1786310581 366.50 363.52 304.74
1786310582 366.50 363.52 304.74
1786310583 366.50 363.52 304.74
1786310585 380.64 366.50 306.02
1786310586 380.64 366.50 306.02
1786310587 380.64 366.50 306.02
1786310588 380.64 366.50 306.02
1786310589 380.64 366.50 306.02
1786310590 374.90 365.54 306.04
1786310591 374.90 365.54 306.04
1786310592 374.90 365.54 306.04
1786310593 374.90 365.54 306.04
1786310594 385.72 367.94 307.13
1786310595 385.72 367.94 307.13
1786310596 385.72 367.94 307.13
1786310597 385.72 367.94 307.13
1786310598 385.72 367.94 307.13
1786310599 390.31 369.19 307.86
1786310600 390.31 369.19 307.86
1786310601 390.31 369.19 307.86
1786310602 390.31 369.19 307.86
1786310603 390.31 369.19 307.86
1786310604 404.78 372.54 309.28
1786310605 404.78 372.54 309.28
1786310607 404.78 372.54 309.28
1786310608 404.78 372.54 309.28
1786310609 404.78 372.54 309.28
1786310610 404.31 372.98 309.76
1786310611 404.31 372.98 309.76
1786310612 404.31 372.98 309.76
1786310613 404.31 372.98 309.76
1786310614 411.18 374.92 310.73
1786310615 411.18 374.92 310.73
1786310616 411.18 374.92 310.73
1786310617 411.18 374.92 310.73
1786310618 411.18 374.92 310.73
1786310619 422.05 377.78 312.00
1786310620 422.05 377.78 312.00
1786310621 422.05 377.78 312.00
1786310622 422.05 377.78 312.00
1786310623 422.05 377.78 312.00
1786310624 428.77 379.91 313.04
1786310625 428.77 379.91 313.04
1786310626 428.77 379.91 313.04
1786310627 428.77 379.91 313.04
1786310628 428.77 379.91 313.04
1786310630 444.09 383.89 314.69
1786310631 444.09 383.89 314.69
1786310632 444.09 383.89 314.69
1786310633 444.09 383.89 314.69
1786310634 444.09 383.89 314.69
1786310635 446.08 385.31 315.52
1786310636 446.08 385.31 315.52
1786310637 446.08 385.31 315.52
1786310638 446.08 385.31 315.52
1786310639 449.68 387.06 316.46
1786310640 449.68 387.06 316.46
1786310641 449.68 387.06 316.46
1786310642 449.68 387.06 316.46
1786310643 449.68 387.06 316.46
1786310644 449.22 388.01 317.14
1786310645 449.22 388.01 317.14
1786310646 449.22 388.01 317.14
1786310647 449.22 388.01 317.14
1786310648 449.22 388.01 317.14
1786310649 447.12 388.59 317.71
1786310650 447.12 388.59 317.71
1786310651 447.12 388.59 317.71
1786310652 447.12 388.59 317.71
1786310654 447.12 388.59 317.71
1786310655 460.33 392.30 319.29
1786310656 460.33 392.30 319.29
1786310657 460.33 392.30 319.29
1786310658 460.33 392.30 319.29
1786310659 433.40 387.84 318.24
1786310660 433.40 387.84 318.24
1786310661 433.40 387.84 318.24
1786310662 433.40 387.84 318.24
1786310663 433.40 387.84 318.24
1786310664 400.45 381.77 316.65
1786310665 400.45 381.77 316.65
1786310666 400.45 381.77 316.65
1786310667 400.45 381.77 316.65
1786310668 400.45 381.77 316.65
1786310669 368.70 375.50 314.97
1786310670 368.70 375.50 314.97
1786310671 368.70 375.50 314.97
1786310672 368.70 375.50 314.97
1786310673 368.70 375.50 314.97
1786310674 339.42 369.31 313.30
1786310675 339.42 369.31 313.30
1786310676 339.42 369.31 313.30
1786310677 339.42 369.31 313.30
1786310679 339.42 369.31 313.30
1786310680 312.32 363.20 311.62
1786310681 312.32 363.20 311.62
1786310682 312.32 363.20 311.62
1786310683 312.32 363.20 311.62
1786310684 312.32 363.20 311.62
1786310685 287.31 357.17 309.95
1786310686 287.31 357.17 309.95
1786310687 287.31 357.17 309.95
1786310688 287.31 357.17 309.95
1786310689 302.98 359.26 310.88
1786310690 302.98 359.26 310.88
1786310691 302.98 359.26 310.88
1786310692 302.98 359.26 310.88
1786310693 302.98 359.26 310.88
1786310694 323.24 362.52 312.19
1786310695 323.24 362.52 312.19
1786310696 323.24 362.52 312.19
1786310697 323.24 362.52 312.19
1786310698 323.24 362.52 312.19
1786310699 338.04 364.94 313.24
1786310700 338.04 364.94 313.24
1786310701 338.04 364.94 313.24
1786310703 338.04 364.94 313.24
1786310704 338.04 364.94 313.24
1786310705 346.44 366.23 313.94
1786310706 346.44 366.23 313.94
1786310707 346.44 366.23 313.94
1786310708 346.44 366.23 313.94
1786310709 346.44 366.23 313.94
1786310710 353.29 367.33 314.58
1786310711 353.29 367.33 314.58
1786310712 353.29 367.33 314.58
1786310713 353.29 367.33 314.58
1786310714 369.21 370.39 315.85
1786310715 369.21 370.39 315.85
1786310716 369.21 370.39 315.85
1786310717 369.21 370.39 315.85
1786310718 369.21 370.39 315.85
1786310719 379.76 372.56 316.85
1786310720 379.76 372.56 316.85
1786310721 379.76 372.56 316.85
1786310722 379.76 372.56 316.85
1786310723 379.76 372.56 316.85
1786310724 386.83 374.15 317.66
1786310725 386.83 374.15 317.66
1786310726 386.83 374.15 317.66
1786310727 386.83 374.15 317.66
1786310728 386.83 374.15 317.66
1786310730 396.37 376.34 318.67
1786310731 396.37 376.34 318.67
1786310732 396.37 376.34 318.67
1786310733 396.37 376.34 318.67
1786310734 396.37 376.34 318.67
1786310735 401.79 377.79 319.45
1786310736 401.79 377.79 319.45
1786310737 401.79 377.79 319.45
1786310738 401.79 377.79 319.45
1786310739 401.79 377.79 319.45
1786310740 409.25 379.74 320.39
1786310741 409.25 379.74 320.39
1786310742 409.25 379.74 320.39
1786310743 409.25 379.74 320.39
1786310744 414.52 381.32 321.22
1786310745 414.52 381.32 321.22
1786310746 414.52 381.32 321.22
1786310747 414.52 381.32 321.22
1786310748 414.52 381.32 321.22
1786310749 433.37 385.78 322.99
1786310750 433.37 385.78 322.99
1786310751 433.37 385.78 322.99
1786310752 433.37 385.78 322.99
1786310753 433.37 385.78 322.99
1786310754 451.20 390.27 324.78
1786310755 451.20 390.27 324.78
1786310756 451.20 390.27 324.78
1786310758 451.20 390.27 324.78
1786310759 451.20 390.27 324.78
1786310760 456.31 392.34 325.80
1786310761 456.31 392.34 325.80
1786310762 456.31 392.34 325.80
1786310763 456.31 392.34 325.80
1786310764 456.31 392.34 325.80
1786310765 457.25 393.59 326.57
1786310766 457.25 393.59 326.57
1786310767 457.25 393.59 326.57
1786310768 457.25 393.59 326.57
1786310769 446.42 392.40 326.54
1786310770 446.42 392.40 326.54
1786310771 446.42 392.40 326.54
1786310772 446.42 392.40 326.54
1786310773 446.42 392.40 326.54
1786310774 457.19 395.54 327.91
1786310775 457.19 395.54 327.91
1786310776 457.19 395.54 327.91
1786310777 457.19 395.54 327.91
1786310778 457.19 395.54 327.91
1786310779 448.77 394.81 328.04
1786310780 448.77 394.81 328.04
1786310782 448.77 394.81 328.04
1786310783 448.77 394.81 328.04
1786310784 448.77 394.81 328.04
1786310785 415.23 388.76 326.44
1786310786 415.23 388.76 326.44
1786310787 415.23 388.76 326.44
1786310788 415.23 388.76 326.44
1786310789 415.23 388.76 326.44
1786310790 382.54 382.42 324.72
1786310791 382.54 382.42 324.72
1786310792 382.54 382.42 324.72
1786310793 382.54 382.42 324.72
1786310794 352.07 376.10 322.99
1786310795 352.07 376.10 322.99
1786310796 352.07 376.10 322.99
1786310797 352.07 376.10 322.99
1786310798 352.07 376.10 322.99
1786310799 323.88 369.86 321.25
1786310800 323.88 369.86 321.25
1786310801 323.88 369.86 321.25
1786310802 323.88 369.86 321.25
1786310803 323.88 369.86 321.25
1786310805 297.94 363.72 319.53
1786310806 297.94 363.72 319.53
1786310807 297.94 363.72 319.53
1786310808 297.94 363.72 319.53
1786310809 297.94 363.72 319.53
1786310810 274.08 357.68 317.81
1786310811 274.08 357.68 317.81
1786310812 274.08 357.68 317.81
1786310813 274.08 357.68 317.81
1786310814 274.08 357.68 317.81
1786310815 309.55 363.64 319.95
1786310816 309.55 363.64 319.95
1786310817 309.55 363.64 319.95
1786310818 309.55 363.64 319.95
1786310819 321.04 365.13 320.67
1786310820 321.04 365.13 320.67
1786310821 321.04 365.13 320.67
1786310822 321.04 365.13 320.67
1786310823 321.04 365.13 320.67
1786310824 343.38 369.03 322.17
1786310825 343.38 369.03 322.17
1786310826 343.38 369.03 322.17
1786310827 343.38 369.03 322.17
1786310829 343.38 369.03 322.17
1786310830 356.32 371.29 323.15
1786310831 356.32 371.29 323.15
1786310832 356.32 371.29 323.15
1786310833 356.32 371.29 323.15
1786310834 356.32 371.29 323.15
1786310835 378.96 375.73 324.85
1786310836 378.96 375.73 324.85
1786310837 378.96 375.73 324.85
1786310838 378.96 375.73 324.85
1786310839 378.96 375.73 324.85
1786310840 382.08 376.43 325.35
1786310841 382.08 376.43 325.35
1786310842 382.08 376.43 325.35
1786310843 382.08 376.43 325.35
1786310844 389.20 378.00 326.13
1786310845 389.20 378.00 326.13
1786310846 389.20 378.00 326.13
1786310847 389.20 378.00 326.13
1786310848 389.20 378.00 326.13
1786310849 408.97 382.29 327.80
1786310850 408.97 382.29 327.80
1786310852 408.97 382.29 327.80
1786310853 408.97 382.29 327.80
1786310854 408.97 382.29 327.80
1786310855 412.17 383.39 328.45
1786310856 412.17 383.39 328.45
1786310857 412.17 383.39 328.45
1786310858 412.17 383.39 328.45
1786310859 412.17 383.39 328.45
1786310860 416.48 384.77 329.19
1786310861 416.48 384.77 329.19
1786310862 416.48 384.77 329.19
1786310863 416.48 384.77 329.19
1786310864 420.29 386.08 329.91
1786310865 420.29 386.08 329.91
1786310866 420.29 386.08 329.91
1786310867 420.29 386.08 329.91
1786310868 420.29 386.08 329.91
1786310869 426.35 387.91 330.80
1786310870 426.35 387.91 330.80
1786310871 426.35 387.91 330.80
1786310872 426.35 387.91 330.80
1786310873 426.35 387.91 330.80
1786310875 437.21 390.80 332.05
1786310876 437.21 390.80 332.05
1786310877 437.21 390.80 332.05
1786310878 437.21 390.80 332.05
1786310879 437.21 390.80 332.05
1786310880 440.40 392.23 332.83
1786310881 440.40 392.23 332.83
1786310882 440.40 392.23 332.83
1786310883 440.40 392.23 332.83
1786310884 440.40 392.23 332.83
1786310885 451.90 395.41 334.17
1786310886 451.90 395.41 334.17
1786310887 451.90 395.41 334.17
1786310888 451.90 395.41 334.17
1786310889 451.90 395.41 334.17
1786310890 455.59 397.12 335.05
1786310891 455.59 397.12 335.05
1786310892 455.59 397.12 335.05
1786310893 455.59 397.12 335.05
1786310894 475.88 402.29 337.06
1786310895 475.88 402.29 337.06
1786310896 475.88 402.29 337.06
1786310897 475.88 402.29 337.06
1786310898 475.88 402.29 337.06
1786310899 473.17 402.95 337.63
1786310900 473.17 402.95 337.63
1786310901 473.17 402.95 337.63
1786310902 473.17 402.95 337.63
1786310904 473.17 402.95 337.63
1786310905 482.45 406.04 338.98
1786310906 482.45 406.04 338.98
1786310907 482.45 406.04 338.98
1786310908 482.45 406.04 338.98
1786310909 482.45 406.04 338.98
1786310910 456.95 402.02 338.04
1786310911 456.95 402.02 338.04
1786310912 456.95 402.02 338.04
1786310913 456.95 402.02 338.04
1786310914 421.31 395.55 336.29
1786310915 421.31 395.55 336.29
1786310916 421.31 395.55 336.29
1786310917 421.31 395.55 336.29
1786310918 421.31 395.55 336.29
1786310919 387.90 389.05 334.50
1786310920 387.90 389.05 334.50
1786310921 387.90 389.05 334.50
1786310922 387.90 389.05 334.50
1786310923 387.90 389.05 334.50
1786310925 357.15 382.66 332.73
1786310926 357.15 382.66 332.73
1786310927 357.15 382.66 332.73
1786310928 357.15 382.66 332.73
1786310929 357.15 382.66 332.73
1786310930 329.19 376.43 330.98
1786310931 329.19 376.43 330.98
1786310932 329.19 376.43 330.98
1786310933 329.19 376.43 330.98
1786310934 329.19 376.43 330.98
1786310935 303.71 370.37 329.26
1786310936 303.71 370.37 329.26
1786310937 303.71 370.37 329.26
1786310938 303.71 370.37 329.26
1786310939 328.16 374.33 330.77
1786310940 328.16 374.33 330.77
1786310941 328.16 374.33 330.77
1786310942 328.16 374.33 330.77
1786310943 328.16 374.33 330.77
1786310944 358.58 379.87 332.79
1786310945 358.58 379.87 332.79
1786310946 358.58 379.87 332.79
1786310947 358.58 379.87 332.79
1786310949 358.58 379.87 332.79
1786310950 373.03 382.51 333.90
1786310951 373.03 382.51 333.90
1786310952 373.03 382.51 333.90
1786310953 373.03 382.51 333.90
1786310954 373.03 382.51 333.90
1786310955 392.80 386.45 335.44
1786310956 392.80 386.45 335.44
1786310957 392.80 386.45 335.44
1786310958 392.80 386.45 335.44
1786310959 392.80 386.45 335.44
1786310960 393.86 386.78 335.82
1786310961 393.86 386.78 335.82
1786310962 393.86 386.78 335.82
1786310963 393.86 386.78 335.82
1786310964 393.86 386.78 335.82
1786310965 396.75 387.50 336.32
1786310966 396.75 387.50 336.32
1786310967 396.75 387.50 336.32
1786310968 396.75 387.50 336.32
1786310969 403.74 389.10 337.12
1786310970 403.74 389.10 337.12
1786310971 403.74 389.10 337.12
1786310972 403.74 389.10 337.12
1786310973 403.74 389.10 337.12
1786310974 410.89 390.82 337.95
1786310975 410.89 390.82 337.95
1786310977 410.89 390.82 337.95
1786310978 410.89 390.82 337.95
1786310979 410.89 390.82 337.95
1786310980 422.91 393.65 339.15
1786310981 422.91 393.65 339.15
1786310982 422.91 393.65 339.15
1786310983 422.91 393.65 339.15
1786310984 422.91 393.65 339.15
1786310985 431.73 395.96 340.19
1786310986 431.73 395.96 340.19
1786310987 431.73 395.96 340.19
1786310988 431.73 395.96 340.19
1786310989 431.73 395.96 340.19
1786310990 439.04 398.07 341.18
1786310991 439.04 398.07 341.18
1786310992 439.04 398.07 341.18
1786310993 439.04 398.07 341.18
1786310994 439.04 398.07 341.18
1786310995 435.27 397.97 341.45
1786310996 435.27 397.97 341.45
1786310997 435.27 397.97 341.45
1786310998 435.27 397.97 341.45
1786310999 442.13 400.01 342.41
1786311000 442.13 400.01 342.41
1786311001 442.13 400.01 342.41
1786311002 442.13 400.01 342.41
1786311003 442.13 400.01 342.41
1786311005 450.69 402.49 343.52
1786311006 450.69 402.49 343.52
1786311007 450.69 402.49 343.52
1786311008 450.69 402.49 343.52
1786311009 450.69 402.49 343.52
1786311010 453.04 403.77 344.26
1786311011 453.04 403.77 344.26
1786311012 453.04 403.77 344.26
1786311013 453.04 403.77 344.26
1786311014 453.04 403.77 344.26
1786311015 453.12 404.61 344.85
1786311016 453.12 404.61 344.85
1786311017 453.12 404.61 344.85
1786311018 453.12 404.61 344.85
1786311019 461.92 407.24 346.02
1786311020 461.92 407.24 346.02
1786311021 461.92 407.24 346.02
1786311022 461.92 407.24 346.02
1786311023 461.92 407.24 346.02
1786311024 472.97 410.44 347.38
1786311025 472.97 410.44 347.38
1786311026 472.97 410.44 347.38
1786311027 472.97 410.44 347.38
1786311029 472.97 410.44 347.38
1786311030 470.41 410.95 347.89
1786311031 470.41 410.95 347.89
1786311032 470.41 410.95 347.89
1786311033 470.41 410.95 347.89
1786311034 470.41 410.95 347.89
1786311035 444.19 406.50 346.79
1786311036 444.19 406.50 346.79
1786311037 444.19 406.50 346.79
1786311038 444.19 406.50 346.79
1786311039 444.19 406.50 346.79
1786311040 409.26 399.88 344.97
1786311041 409.26 399.88 344.97
1786311042 409.26 399.88 344.97
1786311043 409.26 399.88 344.97
1786311044 376.65 393.28 343.12
1786311045 376.65 393.28 343.12
1786311046 376.65 393.28 343.12
1786311047 376.65 393.28 343.12
1786311048 376.65 393.28 343.12
1786311049 347.21 386.90 341.33
1786311050 347.21 386.90 341.33
1786311052 347.21 386.90 341.33
1786311053 347.21 386.90 341.33
1786311054 347.21 386.90 341.33
1786311055 319.97 380.59 339.53
1786311056 319.97 380.59 339.53
1786311057 319.97 380.59 339.53
1786311058 319.97 380.59 339.53
1786311059 319.97 380.59 339.53
1786311060 294.50 374.30 337.72
1786311061 294.50 374.30 337.72
1786311062 294.50 374.30 337.72
1786311063 294.50 374.30 337.72
1786311064 294.50 374.30 337.72
1786311065 321.29 378.53 339.28
1786311066 321.29 378.53 339.28
1786311067 321.29 378.53 339.28
1786311068 321.29 378.53 339.28
1786311069 333.04 380.02 339.98
1786311070 333.04 380.02 339.98
1786311071 333.04 380.02 339.98
1786311072 333.04 380.02 339.98
1786311073 333.04 380.02 339.98
1786311075 349.37 382.62 341.03
1786311076 349.37 382.62 341.03
1786311077 349.37 382.62 341.03
1786311078 349.37 382.62 341.03
1786311079 349.37 382.62 341.03
1786311080 369.44 386.23 342.43
1786311081 369.44 386.23 342.43
1786311082 369.44 386.23 342.43
1786311083 369.44 386.23 342.43
1786311084 369.44 386.23 342.43
1786311085 372.37 386.56 342.77
1786311086 372.37 386.56 342.77
1786311087 372.37 386.56 342.77
1786311088 372.37 386.56 342.77
1786311089 372.37 386.56 342.77
1786311090 384.91 388.93 343.77
1786311091 384.91 388.93 343.77
1786311092 384.91 388.93 343.77
1786311093 384.91 388.93 343.77
1786311094 397.97 391.57 344.87
1786311095 397.97 391.57 344.87
1786311096 397.97 391.57 344.87
1786311097 397.97 391.57 344.87
1786311098 397.97 391.57 344.87
1786311099 414.07 395.01 346.23
1786311101 414.07 395.01 346.23
1786311102 414.07 395.01 346.23
1786311103 414.07 395.01 346.23
1786311104 414.07 395.01 346.23
1786311105 421.99 396.97 347.13
1786311106 421.99 396.97 347.13
1786311107 421.99 396.97 347.13
1786311108 421.99 396.97 347.13
1786311109 421.99 396.97 347.13
1786311110 439.45 401.01 348.70
1786311111 439.45 401.01 348.70
1786311112 439.45 401.01 348.70
1786311113 439.45 401.01 348.70
1786311114 439.45 401.01 348.70
1786311115 447.02 403.21 349.70
1786311116 447.02 403.21 349.70
1786311117 447.02 403.21 349.70
1786311118 447.02 403.21 349.70
1786311119 447.02 403.21 349.70
1786311120 442.70 403.04 349.93
1786311121 442.70 403.04 349.93
1786311122 442.70 403.04 349.93
1786311123 442.70 403.04 349.93
1786311124 449.77 405.17 350.90
1786311125 449.77 405.17 350.90
1786311126 449.77 405.17 350.90
1786311128 449.77 405.17 350.90
1786311129 449.77 405.17 350.90
1786311130 451.31 406.23 351.54
1786311131 451.31 406.23 351.54
1786311132 451.31 406.23 351.54
1786311133 451.31 406.23 351.54
1786311134 451.31 406.23 351.54
1786311135 468.10 410.46 353.20
1786311136 468.10 410.46 353.20
1786311137 468.10 410.46 353.20
1786311138 468.10 410.46 353.20
1786311139 468.10 410.46 353.20
1786311140 468.73 411.55 353.86
1786311141 468.73 411.55 353.86
1786311142 468.73 411.55 353.86
1786311143 468.73 411.55 353.86
1786311144 468.73 411.55 353.86
1786311145 462.75 411.25 354.07
1786311146 462.75 411.25 354.07
1786311147 462.75 411.25 354.07
1786311148 462.75 411.25 354.07
1786311149 473.50 414.34 355.38
1786311150 473.50 414.34 355.38
1786311151 473.50 414.34 355.38
1786311152 473.50 414.34 355.38
1786311153 473.50 414.34 355.38
1786311154 458.16 412.14 354.98
1786311155 458.16 412.14 354.98
1786311156 458.16 412.14 354.98
1786311157 458.16 412.14 354.98
1786311158 458.16 412.14 354.98
1786311159 428.60 406.78 353.56
1786311160 428.60 406.78 353.56
1786311162 428.60 406.78 353.56
1786311163 428.60 406.78 353.56
1786311164 428.60 406.78 353.56
1786311165 394.68 400.11 351.68
1786311166 394.68 400.11 351.68
1786311167 394.68 400.11 351.68
1786311168 394.68 400.11 351.68
1786311169 394.68 400.11 351.68
1786311170 363.16 393.48 349.80
1786311171 363.16 393.48 349.80
1786311172 363.16 393.48 349.80
1786311173 363.16 393.48 349.80
1786311174 363.16 393.48 349.80
1786311175 334.07 386.95 347.92
1786311176 334.07 386.95 347.92
1786311177 334.07 386.95 347.92
1786311178 334.07 386.95 347.92
1786311179 334.07 386.95 347.92
1786311180 307.40 380.54 346.06
1786311181 307.40 380.54 346.06
1786311182 307.40 380.54 346.06
1786311183 307.40 380.54 346.06
1786311184 307.40 380.54 346.06
1786311185 286.55 375.00 344.45
1786311186 286.55 375.00 344.45
1786311187 286.55 375.00 344.45
1786311188 286.55 375.00 344.45
1786311189 307.09 377.79 345.52
1786311190 307.09 377.79 345.52
1786311192 307.09 377.79 345.52
1786311193 307.09 377.79 345.52
1786311194 307.09 377.79 345.52
1786311195 329.98 381.36 346.85
1786311196 329.98 381.36 346.85
1786311197 329.98 381.36 346.85
1786311198 329.98 381.36 346.85
1786311199 329.98 381.36 346.85
1786311200 351.20 384.91 348.18
1786311201 351.20 384.91 348.18
1786311202 351.20 384.91 348.18
1786311203 351.20 384.91 348.18
1786311204 351.20 384.91 348.18
1786311205 370.57 388.37 349.50
1786311206 370.57 388.37 349.50
1786311207 370.57 388.37 349.50
1786311208 370.57 388.37 349.50
1786311209 370.57 388.37 349.50
1786311210 372.36 388.44 349.73
1786311211 372.36 388.44 349.73
1786311212 372.36 388.44 349.73
1786311213 372.36 388.44 349.73
1786311214 379.06 389.57 350.30
1786311215 379.06 389.57 350.30
1786311216 379.06 389.57 350.30
1786311217 379.06 389.57 350.30
1786311218 379.06 389.57 350.30
1786311219 381.62 389.92 350.63
1786311221 381.62 389.92 350.63
1786311222 381.62 389.92 350.63
1786311223 381.62 389.92 350.63
1786311224 381.62 389.92 350.63
1786311225 407.27 395.10 352.51
1786311226 407.27 395.10 352.51
1786311227 407.27 395.10 352.51
1786311228 407.27 395.10 352.51
1786311229 407.27 395.10 352.51
1786311230 417.66 397.46 353.50
1786311231 417.66 397.46 353.50
1786311232 417.66 397.46 353.50
1786311233 417.66 397.46 353.50
1786311234 417.66 397.46 353.50
1786311235 428.02 399.94 354.54
1786311236 428.02 399.94 354.54
1786311237 428.02 399.94 354.54
1786311238 428.02 399.94 354.54
1786311239 422.89 399.34 354.60
1786311240 422.89 399.34 354.60
1786311241 422.89 399.34 354.60
1786311242 422.89 399.34 354.60
1786311244 422.89 399.34 354.60
1786311245 427.79 400.75 355.29
1786311246 427.79 400.75 355.29
1786311247 427.79 400.75 355.29
1786311248 427.79 400.75 355.29
1786311249 427.79 400.75 355.29
1786311250 438.85 403.49 356.42
1786311251 438.85 403.49 356.42
1786311252 438.85 403.49 356.42
1786311253 438.85 403.49 356.42
1786311254 438.85 403.49 356.42
1786311255 451.12 406.62 357.69
1786311256 451.12 406.62 357.69
1786311257 451.12 406.62 357.69
1786311258 451.12 406.62 357.69
1786311259 451.12 406.62 357.69
1786311260 466.40 410.53 359.22
1786311261 466.40 410.53 359.22
1786311262 466.40 410.53 359.22
1786311263 466.40 410.53 359.22
1786311264 485.99 415.52 361.11
1786311265 485.99 415.52 361.11
1786311267 485.99 415.52 361.11
1786311268 485.99 415.52 361.11
1786311269 485.99 415.52 361.11
1786311270 485.11 416.51 361.72
1786311271 485.11 416.51 361.72
1786311272 485.11 416.51 361.72
1786311273 485.11 416.51 361.72
1786311274 485.11 416.51 361.72
1786311275 480.06 416.60 362.04
1786311276 480.06 416.60 362.04
1786311277 480.06 416.60 362.04
1786311278 480.06 416.60 362.04
1786311279 480.06 416.60 362.04
1786311280 478.13 417.25 362.55
1786311281 478.13 417.25 362.55
1786311282 478.13 417.25 362.55
1786311283 478.13 417.25 362.55
1786311284 478.13 417.25 362.55
1786311285 447.77 411.97 361.13
1786311286 447.77 411.97 361.13
1786311287 447.77 411.97 361.13
1786311288 447.77 411.97 361.13
1786311289 411.99 405.15 359.20
1786311291 411.99 405.15 359.20
1786311292 411.99 405.15 359.20
1786311293 411.99 405.15 359.20
1786311294 411.99 405.15 359.20
1786311295 379.00 398.42 357.27
1786311296 379.00 398.42 357.27
1786311297 379.00 398.42 357.27
1786311298 379.00 398.42 357.27
1786311299 379.00 398.42 357.27
1786311300 348.81 391.84 355.36
1786311301 348.81 391.84 355.36
1786311302 348.81 391.84 355.36
1786311303 348.81 391.84 355.36
1786311304 348.81 391.84 355.36
1786311305 320.96 385.35 353.45
1786311306 320.96 385.35 353.45
1786311307 320.96 385.35 353.45
1786311308 320.96 385.35 353.45
1786311309 320.96 385.35 353.45
1786311310 295.26 378.95 351.56
1786311311 295.26 378.95 351.56
1786311312 295.26 378.95 351.56
1786311313 295.26 378.95 351.56
1786311314 317.02 382.07 352.71
1786311315 317.02 382.07 352.71
1786311316 317.02 382.07 352.71
1786311318 317.02 382.07 352.71
1786311319 317.02 382.07 352.71
1786311320 337.60 385.26 353.90
1786311321 337.60 385.26 353.90
1786311322 337.60 385.26 353.90
1786311323 337.60 385.26 353.90
1786311324 337.60 385.26 353.90
1786311325 341.23 385.22 354.06
1786311326 341.23 385.22 354.06
1786311327 341.23 385.22 354.06
1786311328 341.23 385.22 354.06
1786311329 341.23 385.22 354.06
1786311330 351.06 386.53 354.65
1786311331 351.06 386.53 354.65
1786311332 351.06 386.53 354.65
1786311333 351.06 386.53 354.65
1786311334 351.06 386.53 354.65
1786311335 360.99 388.00 355.30
1786311336 360.99 388.00 355.30
1786311337 360.99 388.00 355.30
1786311338 360.99 388.00 355.30
1786311339 369.80 389.38 355.92
1786311340 369.80 389.38 355.92
1786311341 369.80 389.38 355.92
1786311343 369.80 389.38 355.92
1786311344 369.80 389.38 355.92
1786311345 368.21 388.72 355.89
1786311346 368.21 388.72 355.89
1786311347 368.21 388.72 355.89
1786311348 368.21 388.72 355.89
1786311349 368.21 388.72 355.89
1786311350 377.64 390.34 356.58
1786311351 377.64 390.34 356.58
1786311352 377.64 390.34 356.58
1786311353 377.64 390.34 356.58
1786311354 377.64 390.34 356.58
1786311355 385.60 391.78 357.23
1786311356 385.60 391.78 357.23
1786311357 385.60 391.78 357.23
1786311358 385.60 391.78 357.23
1786311359 385.60 391.78 357.23
1786311360 393.96 393.41 357.94
1786311361 393.96 393.41 357.94
1786311362 393.96 393.41 357.94
1786311363 393.96 393.41 357.94
1786311364 393.96 393.41 357.94
1786311365 407.10 396.14 359.02
1786311366 407.10 396.14 359.02
1786311367 407.10 396.14 359.02
1786311368 407.10 396.14 359.02
1786311369 407.10 396.14 359.02
1786311370 403.01 395.48 359.00
1786311371 403.01 395.48 359.00
1786311372 403.01 395.48 359.00
1786311374 403.01 395.48 359.00
1786311375 415.34 398.16 360.07
1786311376 415.34 398.16 360.07
1786311377 415.34 398.16 360.07
1786311378 415.34 398.16 360.07
1786311379 415.34 398.16 360.07
1786311380 413.39 398.04 360.23
1786311381 413.39 398.04 360.23
1786311382 413.39 398.04 360.23
1786311383 413.39 398.04 360.23
1786311384 413.39 398.04 360.23
1786311385 413.92 398.40 360.55
1786311386 413.92 398.40 360.55
1786311387 413.92 398.40 360.55
1786311388 413.92 398.40 360.55
1786311389 413.92 398.40 360.55
1786311390 419.61 399.84 361.22
1786311391 419.61 399.84 361.22
1786311392 419.61 399.84 361.22
1786311393 419.61 399.84 361.22
1786311394 429.49 402.22 362.20
1786311395 429.49 402.22 362.20
1786311397 429.49 402.22 362.20
1786311398 429.49 402.22 362.20
1786311399 429.49 402.22 362.20
1786311400 429.05 402.58 362.53
1786311401 429.05 402.58 362.53
1786311402 429.05 402.58 362.53
1786311403 429.05 402.58 362.53
1786311404 429.05 402.58 362.53
1786311405 431.53 403.53 363.06
1786311406 431.53 403.53 363.06
1786311407 431.53 403.53 363.06
1786311408 431.53 403.53 363.06
1786311409 431.53 403.53 363.06
1786311410 407.86 399.09 361.84
1786311411 407.86 399.09 361.84
1786311412 407.86 399.09 361.84
1786311413 407.86 399.09 361.84
1786311414 407.86 399.09 361.84
1786311415 375.44 392.52 359.91
1786311416 375.44 392.52 359.91
1786311417 375.44 392.52 359.91
1786311418 375.44 392.52 359.91
1786311419 345.54 386.03 357.99
1786311420 345.54 386.03 357.99
1786311422 345.54 386.03 357.99
1786311423 345.54 386.03 357.99
1786311424 345.54 386.03 357.99
1786311425 318.03 379.66 356.07
1786311426 318.03 379.66 356.07
1786311427 318.03 379.66 356.07
1786311428 318.03 379.66 356.07
1786311429 318.03 379.66 356.07
1786311430 292.56 373.35 354.16
1786311431 292.56 373.35 354.16
1786311432 292.56 373.35 354.16
1786311433 292.56 373.35 354.16
1786311434 292.56 373.35 354.16
1786311435 270.57 367.45 352.35
1786311436 270.57 367.45 352.35
1786311437 270.57 367.45 352.35
1786311438 270.57 367.45 352.35
1786311439 270.57 367.45 352.35
1786311440 297.92 371.51 353.75
1786311441 297.92 371.51 353.75
1786311442 297.92 371.51 353.75
1786311443 297.92 371.51 353.75
1786311444 297.92 371.51 353.75
1786311445 331.31 377.22 355.69
1786311446 331.31 377.22 355.69
1786311447 331.31 377.22 355.69
1786311449 331.31 377.22 355.69
1786311450 328.81 375.93 355.39
1786311451 328.81 375.93 355.39
1786311452 328.81 375.93 355.39
1786311453 328.81 375.93 355.39
1786311454 328.81 375.93 355.39
1786311455 342.36 377.96 356.16
1786311456 342.36 377.96 356.16
1786311457 342.36 377.96 356.16
1786311458 342.36 377.96 356.16
1786311459 342.36 377.96 356.16
1786311460 337.84 376.43 355.78
1786311461 337.84 376.43 355.78
1786311462 337.84 376.43 355.78
1786311463 337.84 376.43 355.78
1786311464 337.84 376.43 355.78
1786311465 341.86 376.63 355.95
1786311466 341.86 376.63 355.95
1786311467 341.86 376.63 355.95
1786311468 341.86 376.63 355.95
1786311469 341.86 376.63 355.95
1786311470 351.40 378.03 356.52
1786311471 351.40 378.03 356.52
1786311472 351.40 378.03 356.52
1786311473 351.40 378.03 356.52
1786311475 357.37 378.82 356.89
1786311476 357.37 378.82 356.89
1786311477 357.37 378.82 356.89
1786311478 357.37 378.82 356.89
1786311479 357.37 378.82 356.89
1786311480 365.83 380.22 357.46
1786311481 365.83 380.22 357.46
1786311482 365.83 380.22 357.46
1786311483 365.83 380.22 357.46
1786311484 365.83 380.22 357.46
1786311485 375.38 381.96 358.15
1786311486 375.38 381.96 358.15
1786311487 375.38 381.96 358.15
1786311488 375.38 381.96 358.15
1786311489 375.38 381.96 358.15
1786311490 383.11 383.46 358.76
1786311491 383.11 383.46 358.76
1786311492 383.11 383.46 358.76
1786311493 383.11 383.46 358.76
1786311494 383.11 383.46 358.76
1786311495 392.39 385.37 359.51
1786311496 392.39 385.37 359.51
1786311497 392.39 385.37 359.51
1786311499 392.39 385.37 359.51
1786311500 395.01 386.03 359.86
1786311501 395.01 386.03 359.86
1786311502 395.01 386.03 359.86
1786311503 395.01 386.03 359.86
1786311504 395.01 386.03 359.86
1786311505 391.00 385.35 359.78
1786311506 391.00 385.35 359.78
1786311507 391.00 385.35 359.78
1786311508 391.00 385.35 359.78
1786311509 391.00 385.35 359.78
1786311510 393.56 385.98 360.12
1786311511 393.56 385.98 360.12
1786311512 393.56 385.98 360.12
1786311513 393.56 385.98 360.12
1786311514 393.56 385.98 360.12
1786311515 399.76 387.39 360.72
1786311516 399.76 387.39 360.72
1786311517 399.76 387.39 360.72
1786311518 399.76 387.39 360.72
1786311519 399.76 387.39 360.72
1786311520 405.47 388.78 361.31
1786311521 405.47 388.78 361.31
1786311523 405.47 388.78 361.31
1786311524 405.47 388.78 361.31
1786311525 413.20 390.66 362.07
1786311526 413.20 390.66 362.07
1786311527 413.20 390.66 362.07
1786311528 413.20 390.66 362.07
1786311529 413.20 390.66 362.07
1786311530 416.47 391.71 362.56
1786311531 416.47 391.71 362.56
1786311532 416.47 391.71 362.56
1786311533 416.47 391.71 362.56
1786311534 416.47 391.71 362.56
1786311535 390.32 386.70 361.10
1786311536 390.32 386.70 361.10
1786311537 390.32 386.70 361.10
1786311538 390.32 386.70 361.10
1786311539 390.32 386.70 361.10
1786311540 359.15 380.30 359.16
1786311541 359.15 380.30 359.16
1786311542 359.15 380.30 359.16
1786311543 359.15 380.30 359.16
1786311544 359.15 380.30 359.16
1786311545 330.47 374.00 357.24
1786311546 330.47 374.00 357.24
1786311547 330.47 374.00 357.24
1786311549 330.47 374.00 357.24
1786311550 304.00 367.79 355.32
1786311551 304.00 367.79 355.32
1786311552 304.00 367.79 355.32
1786311553 304.00 367.79 355.32
1786311554 304.00 367.79 355.32
1786311555 279.82 361.72 353.42
1786311556 279.82 361.72 353.42
1786311557 279.82 361.72 353.42
1786311558 279.82 361.72 353.42
1786311559 279.82 361.72 353.42
1786311560 260.29 356.31 351.72
1786311561 260.29 356.31 351.72
1786311562 260.29 356.31 351.72
1786311563 260.29 356.31 351.72
1786311564 260.29 356.31 351.72
1786311565 292.14 361.32 353.36
1786311566 292.14 361.32 353.36
1786311567 292.14 361.32 353.36
1786311568 292.14 361.32 353.36
1786311569 292.14 361.32 353.36
1786311570 328.09 367.62 355.45
1786311571 328.09 367.62 355.45
1786311572 328.09 367.62 355.45
1786311573 328.09 367.62 355.45
1786311575 328.09 367.62 355.45
1786311576 329.60 367.28 355.40
1786311577 329.60 367.28 355.40
1786311578 329.60 367.28 355.40
1786311579 329.60 367.28 355.40
1786311580 344.77 369.80 356.28
1786311581 344.77 369.80 356.28
1786311582 344.77 369.80 356.28
1786311583 344.77 369.80 356.28
1786311584 344.77 369.80 356.28
1786311585 355.68 371.64 356.95
1786311586 355.68 371.64 356.95
1786311587 355.68 371.64 356.95
1786311588 355.68 371.64 356.95
1786311589 355.68 371.64 356.95
1786311590 375.64 375.52 358.28
1786311591 375.64 375.52 358.28
1786311592 375.64 375.52 358.28
1786311593 375.64 375.52 358.28
1786311594 375.64 375.52 358.28
1786311595 384.64 377.39 358.98
1786311596 384.64 377.39 358.98
1786311597 384.64 377.39 358.98
1786311598 384.64 377.39 358.98
1786311599 384.64 377.39 358.98
1786311600 402.45 381.20 360.31
1786311602 402.45 381.20 360.31
1786311603 402.45 381.20 360.31
1786311604 402.45 381.20 360.31
1786311605 418.27 384.83 361.60
1786311606 418.27 384.83 361.60
1786311607 418.27 384.83 361.60
1786311608 418.27 384.83 361.60
1786311609 418.27 384.83 361.60
1786311610 422.81 386.33 362.21
1786311611 422.81 386.33 362.21
1786311612 422.81 386.33 362.21
1786311613 422.81 386.33 362.21
1786311614 422.81 386.33 362.21
1786311615 421.70 386.70 362.46
1786311616 421.70 386.70 362.46
1786311617 421.70 386.70 362.46
1786311618 421.70 386.70 362.46
1786311619 421.70 386.70 362.46
1786311620 422.85 387.52 362.85
1786311621 422.85 387.52 362.85
1786311622 422.85 387.52 362.85
1786311623 422.85 387.52 362.85
1786311624 422.85 387.52 362.85
1786311626 429.35 389.46 363.61
1786311627 429.35 389.46 363.61
1786311628 429.35 389.46 363.61
1786311629 429.35 389.46 363.61
1786311630 437.25 391.76 364.50
1786311631 437.25 391.76 364.50
1786311632 437.25 391.76 364.50
1786311633 437.25 391.76 364.50
1786311634 437.25 391.76 364.50
1786311635 447.24 394.58 365.56
1786311636 447.24 394.58 365.56
1786311637 447.24 394.58 365.56
1786311638 447.24 394.58 365.56
1786311639 447.24 394.58 365.56
1786311640 451.06 396.25 366.25
1786311641 451.06 396.25 366.25
1786311642 451.06 396.25 366.25
1786311643 451.06 396.25 366.25
1786311644 451.06 396.25 366.25
1786311645 457.30 398.46 367.13
1786311646 457.30 398.46 367.13
1786311647 457.30 398.46 367.13
1786311648 457.30 398.46 367.13
1786311649 457.30 398.46 367.13
1786311650 468.89 401.83 368.39
1786311651 468.89 401.83 368.39
1786311652 468.89 401.83 368.39
1786311654 468.89 401.83 368.39
1786311655 468.89 401.83 368.39
1786311656 465.46 402.24 368.70
1786311657 465.46 402.24 368.70
1786311658 465.46 402.24 368.70
1786311659 465.46 402.24 368.70
1786311660 436.51 397.28 367.28
1786311661 436.51 397.28 367.28
1786311662 436.51 397.28 367.28
1786311663 436.51 397.28 367.28
1786311664 436.51 397.28 367.28
1786311665 402.60 390.90 365.37
1786311666 402.60 390.90 365.37
1786311667 402.60 390.90 365.37
1786311668 402.60 390.90 365.37
1786311669 402.60 390.90 365.37
1786311670 370.44 384.43 363.42
1786311671 370.44 384.43 363.42
1786311673 370.44 384.43 363.42
1786311674 370.44 384.43 363.42
1786311675 370.44 384.43 363.42
1786311676 340.93 378.08 361.47
1786311677 340.93 378.08 361.47
1786311678 340.93 378.08 361.47
1786311679 340.93 378.08 361.47
1786311680 314.19 371.92 359.57
1786311681 314.19 371.92 359.57
1786311682 314.19 371.92 359.57
1786311683 314.19 371.92 359.57
1786311684 314.19 371.92 359.57
1786311685 289.11 365.76 357.64
1786311686 289.11 365.76 357.64
1786311687 289.11 365.76 357.64
1786311688 289.11 365.76 357.64
1786311689 289.11 365.76 357.64
1786311690 311.85 369.20 358.80
1786311691 311.85 369.20 358.80
1786311692 311.85 369.20 358.80
1786311693 311.85 369.20 358.80
1786311694 311.85 369.20 358.80
1786311695 324.91 370.96 359.42
1786311696 324.91 370.96 359.42
1786311697 324.91 370.96 359.42
1786311699 324.91 370.96 359.42
1786311700 324.91 370.96 359.42
1786311701 329.24 371.10 359.53
1786311702 329.24 371.10 359.53
1786311703 329.24 371.10 359.53
1786311704 329.24 371.10 359.53
1786311705 337.31 372.07 359.91
1786311706 337.31 372.07 359.91
1786311707 337.31 372.07 359.91
1786311708 337.31 372.07 359.91
1786311709 337.31 372.07 359.91
1786311710 357.07 375.59 361.11
1786311711 357.07 375.59 361.11
1786311712 357.07 375.59 361.11
1786311713 357.07 375.59 361.11
1786311714 357.07 375.59 361.11
1786311715 364.59 376.84 361.60
1786311716 364.59 376.84 361.60
1786311717 364.59 376.84 361.60
1786311718 364.59 376.84 361.60
1786311719 364.59 376.84 361.60
1786311720 365.50 376.83 361.67
1786311721 365.50 376.83 361.67
1786311723 365.50 376.83 361.67
1786311724 365.50 376.83 361.67
1786311725 365.50 376.83 361.67
1786311726 376.51 378.92 362.43
1786311727 376.51 378.92 362.43
1786311728 376.51 378.92 362.43
1786311729 376.51 378.92 362.43
1786311730 392.65 382.23 363.59
1786311731 392.65 382.23 363.59
1786311732 392.65 382.23 363.59
1786311733 392.65 382.23 363.59
1786311734 392.65 382.23 363.59
1786311735 415.66 387.17 365.29
1786311736 415.66 387.17 365.29
1786311737 415.66 387.17 365.29
1786311738 415.66 387.17 365.29
1786311739 415.66 387.17 365.29
1786311740 417.85 388.10 365.71
1786311741 417.85 388.10 365.71
1786311742 417.85 388.10 365.71
1786311743 417.85 388.10 365.71
1786311744 417.85 388.10 365.71
1786311745 424.11 389.89 366.41
1786311746 424.11 389.89 366.41
1786311747 424.11 389.89 366.41
1786311749 424.11 389.89 366.41
1786311750 424.11 389.89 366.41
1786311751 439.23 393.60 367.73
1786311752 439.23 393.60 367.73
1786311753 439.23 393.60 367.73
1786311754 439.23 393.60 367.73
1786311755 446.34 395.83 368.59
1786311756 446.34 395.83 368.59
1786311757 446.34 395.83 368.59
1786311758 446.34 395.83 368.59
1786311759 446.34 395.83 368.59
1786311760 459.69 399.43 369.91
1786311761 459.69 399.43 369.91
1786311762 459.69 399.43 369.91
1786311763 459.69 399.43 369.91
1786311764 459.69 399.43 369.91
1786311765 458.03 400.09 370.28
1786311766 458.03 400.09 370.28
1786311767 458.03 400.09 370.28
1786311768 458.03 400.09 370.28
1786311769 458.03 400.09 370.28
1786311770 456.67 400.77 370.66
1786311771 456.67 400.77 370.66
1786311773 456.67 400.77 370.66
1786311774 456.67 400.77 370.66
1786311775 456.67 400.77 370.66
1786311776 458.45 402.07 371.24
1786311777 458.45 402.07 371.24
1786311778 458.45 402.07 371.24
1786311779 458.45 402.07 371.24
1786311780 469.15 405.22 372.43
1786311781 469.15 405.22 372.43
1786311782 469.15 405.22 372.43
1786311783 469.15 405.22 372.43
1786311784 469.15 405.22 372.43
1786311785 446.56 401.60 371.43
1786311786 446.56 401.60 371.43
1786311787 446.56 401.60 371.43
1786311788 446.56 401.60 371.43
1786311789 446.56 401.60 371.43
1786311790 410.80 394.93 369.43
1786311791 410.80 394.93 369.43
1786311792 410.80 394.93 369.43
1786311793 410.80 394.93 369.43
1786311794 410.80 394.93 369.43
1786311795 377.98 388.39 367.46
1786311797 377.98 388.39 367.46
1786311798 377.98 388.39 367.46
1786311799 377.98 388.39 367.46
1786311800 377.98 388.39 367.46
1786311801 347.87 381.98 365.49
1786311802 347.87 381.98 365.49
1786311803 347.87 381.98 365.49
1786311804 347.87 381.98 365.49
1786311805 320.17 375.67 363.54
1786311806 320.17 375.67 363.54
1786311807 320.17 375.67 363.54
1786311808 320.17 375.67 363.54
1786311809 320.17 375.67 363.54
1786311810 296.38 369.81 361.71
1786311811 296.38 369.81 361.71
1786311812 296.38 369.81 361.71
1786311813 296.38 369.81 361.71
1786311814 296.38 369.81 361.71
1786311815 306.76 370.75 362.06
1786311816 306.76 370.75 362.06
1786311818 306.76 370.75 362.06
1786311819 306.76 370.75 362.06
1786311820 306.76 370.75 362.06
1786311821 329.60 374.42 363.29
1786311822 329.60 374.42 363.29
1786311823 329.60 374.42 363.29
1786311824 329.60 374.42 363.29
1786311825 357.10 379.38 364.96
1786311826 357.10 379.38 364.96
1786311827 357.10 379.38 364.96
1786311828 357.10 379.38 364.96
1786311829 357.10 379.38 364.96
1786311830 370.38 381.76 365.80
1786311831 370.38 381.76 365.80
1786311832 370.38 381.76 365.80
1786311833 370.38 381.76 365.80
1786311834 370.38 381.76 365.80
1786311835 374.44 382.41 366.10
1786311836 374.44 382.41 366.10
1786311837 374.44 382.41 366.10
1786311838 374.44 382.41 366.10
1786311839 374.44 382.41 366.10
1786311840 385.37 384.55 366.88
1786311841 385.37 384.55 366.88
1786311842 385.37 384.55 366.88
1786311843 385.37 384.55 366.88
1786311845 385.37 384.55 366.88
1786311846 400.08 387.61 367.97
1786311847 400.08 387.61 367.97
1786311848 400.08 387.61 367.97
1786311849 400.08 387.61 367.97
1786311850 400.08 387.61 367.97
1786311851 421.53 392.27 369.58
1786311852 421.53 392.27 369.58
1786311853 421.53 392.27 369.58
1786311854 421.53 392.27 369.58
1786311855 431.42 394.80 370.52
1786311856 431.42 394.80 370.52
1786311857 431.42 394.80 370.52
1786311858 431.42 394.80 370.52
1786311859 431.42 394.80 370.52
1786311860 427.78 394.65 370.60
1786311861 427.78 394.65 370.60
1786311862 427.78 394.65 370.60
1786311863 427.78 394.65 370.60
1786311864 427.78 394.65 370.60
1786311865 431.96 396.07 371.19
1786311866 431.96 396.07 371.19
1786311867 431.96 396.07 371.19
1786311868 431.96 396.07 371.19
1786311870 431.96 396.07 371.19
1786311871 433.65 397.02 371.63
1786311872 433.65 397.02 371.63
1786311873 433.65 397.02 371.63
1786311874 433.65 397.02 371.63
1786311875 432.32 397.35 371.87
1786311876 432.32 397.35 371.87
1786311877 432.32 397.35 371.87
1786311878 432.32 397.35 371.87
1786311879 432.32 397.35 371.87
1786311880 443.34 400.22 372.94
1786311881 443.34 400.22 372.94
1786311882 443.34 400.22 372.94
1786311883 443.34 400.22 372.94
1786311884 443.34 400.22 372.94
1786311885 447.08 401.71 373.57
1786311886 447.08 401.71 373.57
1786311887 447.08 401.71 373.57
1786311888 447.08 401.71 373.57
1786311889 447.08 401.71 373.57
1786311890 455.48 404.20 374.53
1786311891 455.48 404.20 374.53
1786311893 455.48 404.20 374.53
1786311894 455.48 404.20 374.53
1786311895 455.48 404.20 374.53
1786311896 460.97 406.19 375.33
1786311897 460.97 406.19 375.33
1786311898 460.97 406.19 375.33
1786311899 460.97 406.19 375.33
1786311900 460.97 406.19 375.33
1786311901 472.34 409.46 376.55
1786311902 472.34 409.46 376.55
1786311903 472.34 409.46 376.55
1786311904 472.34 409.46 376.55
1786311905 479.76 412.04 377.57
1786311906 479.76 412.04 377.57
1786311907 479.76 412.04 377.57
1786311908 479.76 412.04 377.57
1786311909 479.76 412.04 377.57
1786311910 442.94 405.53 375.64
1786311911 442.94 405.53 375.64
1786311912 442.94 405.53 375.64
1786311913 442.94 405.53 375.64
1786311914 442.94 405.53 375.64
1786311915 412.76 399.89 373.98
1786311916 412.76 399.89 373.98
1786311917 412.76 399.89 373.98
1786311918 412.76 399.89 373.98
1786311920 412.76 399.89 373.98
1786311921 379.87 393.29 371.98
1786311922 379.87 393.29 371.98
1786311923 379.87 393.29 371.98
1786311924 379.87 393.29 371.98
1786311925 379.87 393.29 371.98
1786311926 356.17 388.15 370.44
1786311927 356.17 388.15 370.44
1786311928 356.17 388.15 370.44
1786311929 356.17 388.15 370.44
1786311930 327.73 381.73 368.45
1786311931 327.73 381.73 368.45
1786311932 327.73 381.73 368.45
1786311933 327.73 381.73 368.45
1786311934 327.73 381.73 368.45
1786311935 303.97 375.90 366.64
1786311936 303.97 375.90 366.64
1786311937 303.97 375.90 366.64
1786311938 303.97 375.90 366.64
1786311939 303.97 375.90 366.64
1786311940 306.69 375.27 366.48
1786311941 306.69 375.27 366.48
1786311942 306.69 375.27 366.48
1786311943 306.69 375.27 366.48
1786311944 306.69 375.27 366.48
1786311945 323.38 377.59 367.28
1786311946 323.38 377.59 367.28
1786311948 323.38 377.59 367.28
1786311949 323.38 377.59 367.28
1786311950 323.38 377.59 367.28
1786311951 324.31 376.89 367.11
1786311952 324.31 376.89 367.11
1786311953 324.31 376.89 367.11
1786311954 324.31 376.89 367.11
1786311955 324.31 376.89 367.11
1786311956 345.10 380.32 368.27
1786311957 345.10 380.32 368.27
1786311958 345.10 380.32 368.27
1786311959 345.10 380.32 368.27
1786311960 362.39 383.32 369.31
1786311961 362.39 383.32 369.31
1786311962 362.39 383.32 369.31
1786311963 362.39 383.32 369.31
1786311964 362.39 383.32 369.31
1786311965 371.49 384.86 369.88
1786311966 371.49 384.86 369.88
1786311967 371.49 384.86 369.88
1786311968 371.49 384.86 369.88
1786311969 371.49 384.86 369.88
1786311970 381.78 386.77 370.58
1786311971 381.78 386.77 370.58
1786311972 381.78 386.77 370.58
1786311973 381.78 386.77 370.58
1786311974 381.78 386.77 370.58
1786311975 380.68 386.46 370.57
1786311976 380.68 386.46 370.57
1786311977 380.68 386.46 370.57
1786311979 380.68 386.46 370.57
1786311980 380.68 386.46 370.57
1786311981 380.22 386.27 370.59
1786311982 380.22 386.27 370.59
1786311983 380.22 386.27 370.59
1786311984 380.22 386.27 370.59
1786311985 380.22 386.27 370.59
1786311986 388.69 387.93 371.21
1786311987 388.69 387.93 371.21
1786311988 388.69 387.93 371.21
1786311989 388.69 387.93 371.21
1786311990 388.69 387.93 371.21
1786311991 388.64 387.93 371.30
1786311992 388.64 387.93 371.30
1786311993 388.64 387.93 371.30
1786311994 388.64 387.93 371.30
1786311995 396.59 389.59 371.93
1786311996 396.59 389.59 371.93
1786311997 396.59 389.59 371.93
1786311998 396.59 389.59 371.93
1786311999 396.59 389.59 371.93
1786312000 399.59 390.33 372.26
1786312001 399.59 390.33 372.26
1786312002 399.59 390.33 372.26
1786312003 399.59 390.33 372.26
1786312004 399.59 390.33 372.26
1786312005 405.39 391.68 372.80
1786312006 405.39 391.68 372.80
1786312007 405.39 391.68 372.80
1786312008 405.39 391.68 372.80
1786312009 405.39 391.68 372.80
1786312011 403.44 391.51 372.84
1786312012 403.44 391.51 372.84
1786312013 403.44 391.51 372.84
1786312014 403.44 391.51 372.84
1786312015 403.44 391.51 372.84
1786312016 399.72 390.93 372.76
1786312017 399.72 390.93 372.76
1786312018 399.72 390.93 372.76
1786312019 399.72 390.93 372.76
1786312020 399.72 390.93 372.76
1786312021 397.18 390.55 372.73
1786312022 397.18 390.55 372.73
1786312023 397.18 390.55 372.73
1786312024 397.18 390.55 372.73
1786312025 391.96 389.58 372.51
1786312026 391.96 389.58 372.51
1786312027 391.96 389.58 372.51
1786312028 391.96 389.58 372.51
1786312029 391.96 389.58 372.51
1786312030 397.01 390.67 372.96
1786312031 397.01 390.67 372.96
1786312032 397.01 390.67 372.96
1786312033 397.01 390.67 372.96
1786312034 397.01 390.67 372.96
1786312035 405.01 392.43 373.62
1786312036 405.01 392.43 373.62
1786312037 405.01 392.43 373.62
1786312038 405.01 392.43 373.62
1786312039 405.01 392.43 373.62
1786312040 374.02 386.22 371.71
1786312041 374.02 386.22 371.71
1786312043 374.02 386.22 371.71
1786312044 374.02 386.22 371.71
1786312045 374.02 386.22 371.71
1786312046 344.23 379.84 369.73
1786312047 344.23 379.84 369.73
1786312048 344.23 379.84 369.73
1786312049 344.23 379.84 369.73
1786312050 344.23 379.84 369.73
1786312051 316.83 373.56 367.75
1786312052 316.83 373.56 367.75
1786312053 316.83 373.56 367.75
1786312054 316.83 373.56 367.75
1786312055 316.83 373.56 367.75
1786312056 291.85 367.44 365.80
1786312057 291.85 367.44 365.80
1786312058 291.85 367.44 365.80
1786312059 291.85 367.44 365.80
1786312060 270.08 361.68 363.94
1786312061 270.08 361.68 363.94
1786312062 270.08 361.68 363.94
1786312063 270.08 361.68 363.94
1786312064 270.08 361.68 363.94
1786312065 294.66 365.25 365.09
1786312066 294.66 365.25 365.09
1786312067 294.66 365.25 365.09
1786312068 294.66 365.25 365.09
1786312069 294.66 365.25 365.09
1786312070 308.14 366.87 365.62
1786312071 308.14 366.87 365.62
1786312072 308.14 366.87 365.62
1786312073 308.14 366.87 365.62
1786312074 308.14 366.87 365.62
1786312075 312.86 366.88 365.62
1786312077 312.86 366.88 365.62
1786312078 312.86 366.88 365.62
1786312079 312.86 366.88 365.62
1786312080 312.86 366.88 365.62
1786312081 324.88 368.47 366.15
1786312082 324.88 368.47 366.15
1786312083 324.88 368.47 366.15
1786312084 324.88 368.47 366.15
1786312085 324.88 368.47 366.15
1786312086 337.30 370.32 366.76
1786312087 337.30 370.32 366.76
1786312088 337.30 370.32 366.76
1786312089 337.30 370.32 366.76
1786312090 341.60 370.67 366.89
1786312091 341.60 370.67 366.89
1786312092 341.60 370.67 366.89
1786312093 341.60 370.67 366.89
1786312094 341.60 370.67 366.89
1786312095 344.20 370.72 366.93
1786312096 344.20 370.72 366.93
1786312097 344.20 370.72 366.93
1786312098 344.20 370.72 366.93
1786312099 344.20 370.72 366.93
1786312100 349.63 371.41 367.17
1786312101 349.63 371.41 367.17
1786312102 349.63 371.41 367.17
1786312103 349.63 371.41 367.17
1786312104 349.63 371.41 367.17
1786312106 354.86 372.13 367.43
1786312107 354.86 372.13 367.43
1786312108 354.86 372.13 367.43
1786312109 354.86 372.13 367.43
1786312110 354.86 372.13 367.43
1786312111 364.24 373.79 367.99
1786312112 364.24 373.79 367.99
1786312113 364.24 373.79 367.99
1786312114 364.24 373.79 367.99
1786312115 364.24 373.79 367.99
1786312116 373.51 375.56 368.59
1786312117 373.51 375.56 368.59
1786312118 373.51 375.56 368.59
1786312119 373.51 375.56 368.59
1786312120 389.81 378.90 369.71
1786312121 389.81 378.90 369.71
1786312122 389.81 378.90 369.71
1786312123 389.81 378.90 369.71
1786312124 389.81 378.90 369.71
1786312125 389.42 379.00 369.79
1786312126 389.42 379.00 369.79
1786312127 389.42 379.00 369.79
1786312128 389.42 379.00 369.79
1786312129 389.42 379.00 369.79
1786312130 392.27 379.77 370.09
1786312131 392.27 379.77 370.09
1786312132 392.27 379.77 370.09
1786312133 392.27 379.77 370.09
1786312135 392.27 379.77 370.09
1786312136 396.65 380.88 370.50
1786312137 396.65 380.88 370.50
1786312138 396.65 380.88 370.50
1786312139 396.65 380.88 370.50
1786312140 396.65 380.88 370.50
1786312141 407.73 383.44 371.39
1786312142 407.73 383.44 371.39
1786312143 407.73 383.44 371.39
1786312144 407.73 383.44 371.39
1786312145 407.73 383.44 371.39
1786312146 410.56 384.43 371.77
1786312147 410.56 384.43 371.77
1786312148 410.56 384.43 371.77
1786312149 410.56 384.43 371.77
1786312150 399.62 382.60 371.25
1786312151 399.62 382.60 371.25
1786312152 399.62 382.60 371.25
1786312153 399.62 382.60 371.25
1786312154 399.62 382.60 371.25
1786312155 393.08 381.52 370.96
1786312156 393.08 381.52 370.96
1786312157 393.08 381.52 370.96
1786312158 393.08 381.52 370.96
1786312159 393.08 381.52 370.96
1786312160 362.09 375.29 369.00
1786312161 362.09 375.29 369.00
