1786312770 22.38 67.71 200.81
1786312771 20.83 66.64 199.74
1786312772 20.83 66.64 199.74
1786312773 20.83 66.64 199.74
1786312774 20.83 66.64 199.74
1786312775 20.83 66.64 199.74
1786312776 19.32 65.56 198.68
1786312777 19.32 65.56 198.68
1786312778 19.32 65.56 198.68
1786312779 19.32 65.56 198.68
1786312780 19.32 65.56 198.68
1786312781 18.09 64.54 197.64
1786312782 18.09 64.54 197.64
1786312783 18.09 64.54 197.64
1786312784 18.09 64.54 197.64
1786312785 18.09 64.54 197.64
1786312786 16.88 63.52 196.59
1786312787 16.88 63.52 196.59
1786312788 16.88 63.52 196.59
1786312789 16.88 63.52 196.59
1786312790 16.88 63.52 196.59
1786312791 23.62 64.14 196.08
1786312792 23.62 64.14 196.08
1786312793 23.62 64.14 196.08
1786312794 23.62 64.14 196.08
1786312795 23.62 64.14 196.08
1786312796 22.29 63.19 195.06
1786312797 22.29 63.19 195.06
1786312798 22.29 63.19 195.06
1786312799 22.29 63.19 195.06
1786312800 22.29 63.19 195.06
1786312801 20.82 62.21 194.03
1786312802 20.82 62.21 194.03
1786312803 20.82 62.21 194.03
1786312804 20.82 62.21 194.03
1786312805 20.82 62.21 194.03
1786312806 19.40 61.23 193.01
1786312807 19.40 61.23 193.01
1786312808 19.40 61.23 193.01
1786312809 19.40 61.23 193.01
1786312810 19.40 61.23 193.01
1786312811 18.56 60.36 192.02
1786312813 18.56 60.36 192.02
1786312814 18.56 60.36 192.02
1786312815 18.56 60.36 192.02
1786312816 18.56 60.36 192.02
1786312817 25.24 61.05 191.54
1786312818 25.24 61.05 191.54
1786312819 25.24 61.05 191.54
1786312820 25.24 61.05 191.54
1786312821 25.24 61.05 191.54
1786312822 23.30 60.05 190.51
1786312823 23.30 60.05 190.51
1786312824 23.30 60.05 190.51
1786312825 23.30 60.05 190.51
1786312826 22.00 59.17 189.53
1786312827 22.00 59.17 189.53
1786312828 22.00 59.17 189.53
1786312829 22.00 59.17 189.53
1786312830 22.00 59.17 189.53
1786312831 20.56 58.26 188.53
1786312832 20.56 58.26 188.53
1786312833 20.56 58.26 188.53
1786312834 20.56 58.26 188.53
1786312835 20.56 58.26 188.53
1786312836 32.12 60.03 188.40
1786312837 32.12 60.03 188.40
1786312838 32.12 60.03 188.40
1786312839 32.12 60.03 188.40
1786312840 32.12 60.03 188.40
1786312841 29.87 59.10 187.41
1786312842 29.87 59.10 187.41
1786312843 29.87 59.10 187.41
1786312844 29.87 59.10 187.41
1786312845 29.87 59.10 187.41
1786312846 37.89 60.28 187.10
1786312847 37.89 60.28 187.10
1786312848 37.89 60.28 187.10
1786312849 37.89 60.28 187.10
1786312850 37.89 60.28 187.10
1786312851 35.33 59.37 186.13
1786312852 35.33 59.37 186.13
1786312853 35.33 59.37 186.13
1786312854 35.33 59.37 186.13
1786312855 35.33 59.37 186.13
1786312856 32.91 58.47 185.16
1786312857 32.91 58.47 185.16
1786312858 32.91 58.47 185.16
1786312859 32.91 58.47 185.16
1786312860 32.91 58.47 185.16
1786312861 30.59 57.57 184.18
1786312862 30.59 57.57 184.18
1786312863 30.59 57.57 184.18
1786312864 30.59 57.57 184.18
1786312865 30.59 57.57 184.18
1786312866 28.38 56.66 183.21
1786312867 28.38 56.66 183.21
1786312868 28.38 56.66 183.21
1786312869 28.38 56.66 183.21
1786312870 28.38 56.66 183.21
1786312871 26.51 55.80 182.25
1786312872 26.51 55.80 182.25
1786312873 26.51 55.80 182.25
1786312874 26.51 55.80 182.25
1786312875 26.51 55.80 182.25
1786312876 24.55 54.91 181.29
1786312877 24.55 54.91 181.29
1786312878 24.55 54.91 181.29
1786312879 24.55 54.91 181.29
1786312880 24.55 54.91 181.29
1786312881 22.90 54.06 180.33
1786312882 22.90 54.06 180.33
1786312883 22.90 54.06 180.33
1786312884 22.90 54.06 180.33
1786312885 22.90 54.06 180.33
1786312886 21.63 53.28 179.40
1786312887 21.63 53.28 179.40
1786312888 21.63 53.28 179.40
1786312889 21.63 53.28 179.40
1786312890 21.63 53.28 179.40
1786312891 20.14 52.45 178.45
1786312892 20.14 52.45 178.45
1786312893 20.14 52.45 178.45
1786312894 20.14 52.45 178.45
1786312895 20.14 52.45 178.45
1786312896 26.69 53.27 178.04
1786312897 26.69 53.27 178.04
1786312898 26.69 53.27 178.04
1786312899 26.69 53.27 178.04
1786312900 26.69 53.27 178.04
1786312901 30.24 53.56 177.47
1786312902 30.24 53.56 177.47
1786312903 30.24 53.56 177.47
1786312904 30.24 53.56 177.47
1786312905 30.24 53.56 177.47
1786312906 28.06 52.72 176.53
1786312907 28.06 52.72 176.53
1786312908 28.06 52.72 176.53
1786312909 28.06 52.72 176.53
1786312910 28.06 52.72 176.53
1786312911 26.37 51.97 175.62
1786312912 26.37 51.97 175.62
1786312913 26.37 51.97 175.62
1786312914 26.37 51.97 175.62
1786312915 26.37 51.97 175.62
1786312916 24.74 51.20 174.71
1786312917 24.74 51.20 174.71
1786312918 24.74 51.20 174.71
1786312919 24.74 51.20 174.71
1786312920 24.74 51.20 174.71
1786312921 30.05 51.86 174.26
1786312922 30.05 51.86 174.26
1786312923 30.05 51.86 174.26
1786312924 30.05 51.86 174.26
1786312925 30.05 51.86 174.26
1786312926 35.65 52.66 173.86
1786312927 35.65 52.66 173.86
1786312928 35.65 52.66 173.86
1786312929 35.65 52.66 173.86
1786312930 35.65 52.66 173.86
1786312931 33.03 51.84 172.94
1786312932 33.03 51.84 172.94
1786312933 33.03 51.84 172.94
1786312934 33.03 51.84 172.94
1786312935 33.03 51.84 172.94
1786312936 38.64 52.69 172.57
1786312937 38.64 52.69 172.57
1786312938 38.64 52.69 172.57
1786312939 38.64 52.69 172.57
1786312940 38.64 52.69 172.57
1786312941 36.26 51.96 171.69
1786312942 36.26 51.96 171.69
1786312943 36.26 51.96 171.69
1786312944 36.26 51.96 171.69
1786312945 36.26 51.96 171.69
1786312946 41.53 52.79 171.31
1786312947 41.53 52.79 171.31
1786312948 41.53 52.79 171.31
1786312949 41.53 52.79 171.31
1786312950 41.53 52.79 171.31
1786312951 46.29 53.59 170.93
1786312952 46.29 53.59 170.93
1786312953 46.29 53.59 170.93
1786312954 46.29 53.59 170.93
1786312955 46.29 53.59 170.93
1786312956 42.98 52.79 170.04
1786312957 42.98 52.79 170.04
1786312958 42.98 52.79 170.04
1786312960 42.98 52.79 170.04
1786312961 42.98 52.79 170.04
1786312962 39.78 51.96 169.15
1786312963 39.78 51.96 169.15
1786312964 39.78 51.96 169.15
1786312965 39.78 51.96 169.15
1786312966 39.78 51.96 169.15
1786312967 37.00 51.18 168.26
1786312968 37.00 51.18 168.26
1786312969 37.00 51.18 168.26
1786312970 37.00 51.18 168.26
1786312971 37.00 51.18 168.26
1786312972 34.43 50.41 167.39
1786312973 34.43 50.41 167.39
1786312974 34.43 50.41 167.39
1786312975 34.43 50.41 167.39
1786312976 34.43 50.41 167.39
1786312977 40.08 51.32 167.05
1786312978 40.08 51.32 167.05
1786312979 40.08 51.32 167.05
1786312980 40.08 51.32 167.05
1786312981 40.08 51.32 167.05
1786312982 37.11 50.52 166.17
1786312983 37.11 50.52 166.17
1786312984 37.11 50.52 166.17
1786312985 37.11 50.52 166.17
1786312986 37.11 50.52 166.17
1786312987 34.30 49.71 165.29
1786312988 34.30 49.71 165.29
1786312989 34.30 49.71 165.29
1786312990 34.30 49.71 165.29
1786312991 31.96 48.97 164.43
1786312992 31.96 48.97 164.43
1786312993 31.96 48.97 164.43
1786312994 31.96 48.97 164.43
1786312995 31.96 48.97 164.43
1786312996 29.56 48.19 163.55
1786312997 29.56 48.19 163.55
1786312998 29.56 48.19 163.55
1786312999 29.56 48.19 163.55
1786313000 29.56 48.19 163.55
1786313001 27.43 47.44 162.69
1786313002 27.43 47.44 162.69
1786313003 27.43 47.44 162.69
1786313004 27.43 47.44 162.69
1786313005 27.43 47.44 162.69
