1786410721 27.07 38.33 57.25
1786410722 27.07 38.33 57.25
1786410723 27.07 38.33 57.25
1786410724 25.31 37.77 56.97
1786410725 25.31 37.77 56.97
1786410726 25.31 37.77 56.97
1786410727 25.31 37.77 56.97
1786410728 25.31 37.77 56.97
1786410729 23.60 37.21 56.68
1786410730 23.60 37.21 56.68
1786410731 23.60 37.21 56.68
1786410732 23.60 37.21 56.68
1786410733 23.60 37.21 56.68
1786410734 22.03 36.66 56.40
1786410735 22.03 36.66 56.40
1786410736 22.03 36.66 56.40
1786410737 22.03 36.66 56.40
1786410738 22.03 36.66 56.40
1786410739 20.35 36.07 56.10
1786410740 20.35 36.07 56.10
1786410741 20.35 36.07 56.10
1786410742 20.35 36.07 56.10
1786410743 19.20 35.57 55.83
1786410744 19.20 35.57 55.83
1786410745 19.20 35.57 55.83
1786410746 19.20 35.57 55.83
1786410747 19.20 35.57 55.83
1786410748 18.06 35.06 55.56
1786410749 18.06 35.06 55.56
1786410750 18.06 35.06 55.56
1786410751 18.06 35.06 55.56
1786410752 18.06 35.06 55.56
1786410753 21.10 35.41 55.56
1786410754 21.10 35.41 55.56
1786410755 21.10 35.41 55.56
1786410756 21.10 35.41 55.56
1786410757 21.10 35.41 55.56
1786410758 19.81 34.91 55.29
1786410759 19.81 34.91 55.29
1786410760 19.81 34.91 55.29
1786410761 19.81 34.91 55.29
1786410762 19.81 34.91 55.29
1786410763 18.78 34.44 55.03
1786410764 18.78 34.44 55.03
1786410765 18.78 34.44 55.03
1786410766 18.78 34.44 55.03
1786410767 18.78 34.44 55.03
1786410768 17.68 33.95 54.76
1786410769 17.68 33.95 54.76
1786410770 17.68 33.95 54.76
1786410771 17.68 33.95 54.76
1786410772 17.68 33.95 54.76
1786410773 16.58 33.45 54.49
1786410774 16.58 33.45 54.49
1786410775 16.58 33.45 54.49
1786410777 16.58 33.45 54.49
1786410778 16.58 33.45 54.49
1786410779 19.58 33.80 54.49
1786410780 19.58 33.80 54.49
1786410781 19.58 33.80 54.49
1786410782 19.58 33.80 54.49
1786410783 19.58 33.80 54.49
1786410784 18.65 33.37 54.24
1786410785 18.65 33.37 54.24
1786410786 18.65 33.37 54.24
1786410787 18.65 33.37 54.24
1786410788 18.65 33.37 54.24
1786410789 17.48 32.88 53.97
1786410790 17.48 32.88 53.97
1786410791 17.48 32.88 53.97
1786410792 17.48 32.88 53.97
1786410793 17.48 32.88 53.97
1786410794 20.32 33.21 53.96
1786410795 20.32 33.21 53.96
1786410796 20.32 33.21 53.96
1786410797 20.32 33.21 53.96
1786410798 20.32 33.21 53.96
1786410799 30.63 35.14 54.47
1786410800 30.63 35.14 54.47
1786410801 30.63 35.14 54.47
1786410802 30.63 35.14 54.47
1786410803 30.63 35.14 54.47
1786410804 28.74 34.67 54.22
1786410805 28.74 34.67 54.22
1786410806 28.74 34.67 54.22
1786410807 28.74 34.67 54.22
1786410808 28.74 34.67 54.22
1786410809 27.23 34.26 53.98
1786410810 27.23 34.26 53.98
1786410811 27.23 34.26 53.98
1786410812 27.23 34.26 53.98
1786410813 27.23 34.26 53.98
1786410814 27.86 34.27 53.88
1786410815 27.86 34.27 53.88
1786410816 27.86 34.27 53.88
1786410817 27.86 34.27 53.88
1786410818 27.86 34.27 53.88
1786410819 31.47 34.92 53.98
1786410820 31.47 34.92 53.98
1786410821 31.47 34.92 53.98
1786410822 31.47 34.92 53.98
1786410823 31.47 34.92 53.98
1786410824 33.68 35.32 54.01
1786410825 33.68 35.32 54.01
1786410826 33.68 35.32 54.01
1786410827 33.68 35.32 54.01
1786410828 33.68 35.32 54.01
1786410829 39.15 36.42 54.27
1786410830 39.15 36.42 54.27
1786410831 39.15 36.42 54.27
1786410832 39.15 36.42 54.27
1786410833 39.15 36.42 54.27
1786410834 36.65 35.95 54.02
1786410835 36.65 35.95 54.02
1786410836 36.65 35.95 54.02
1786410837 36.65 35.95 54.02
1786410838 36.65 35.95 54.02
1786410839 48.53 38.43 54.72
1786410840 48.53 38.43 54.72
1786410841 48.53 38.43 54.72
1786410842 48.53 38.43 54.72
1786410843 48.53 38.43 54.72
1786410844 53.70 39.66 55.03
1786410845 53.70 39.66 55.03
1786410846 53.70 39.66 55.03
1786410847 53.70 39.66 55.03
1786410848 53.70 39.66 55.03
1786410849 49.72 39.07 54.76
1786410850 49.72 39.07 54.76
1786410851 49.72 39.07 54.76
1786410852 49.72 39.07 54.76
1786410853 49.72 39.07 54.76
1786410854 46.13 38.51 54.49
