1786415107 90.77 138.03 153.07
1786415108 83.66 135.77 152.26
1786415109 83.66 135.77 152.26
1786415110 83.66 135.77 152.26
1786415111 83.66 135.77 152.26
1786415112 78.01 133.73 151.51
1786415113 78.01 133.73 151.51
1786415114 78.01 133.73 151.51
1786415115 78.01 133.73 151.51
1786415116 78.01 133.73 151.51
1786415117 72.40 131.65 150.74
1786415118 72.40 131.65 150.74
1786415119 72.40 131.65 150.74
1786415120 72.40 131.65 150.74
1786415121 72.40 131.65 150.74
1786415122 67.32 129.61 149.98
1786415123 67.32 129.61 149.98
1786415124 67.32 129.61 149.98
1786415125 67.32 129.61 149.98
1786415126 67.32 129.61 149.98
1786415127 62.97 127.67 149.24
1786415128 62.97 127.67 149.24
1786415129 62.97 127.67 149.24
1786415130 62.97 127.67 149.24
1786415131 62.97 127.67 149.24
1786415132 58.09 125.59 148.45
1786415133 58.09 125.59 148.45
1786415134 58.09 125.59 148.45
1786415135 58.09 125.59 148.45
1786415136 58.09 125.59 148.45
1786415137 53.44 123.50 147.66
1786415138 53.44 123.50 147.66
1786415139 53.44 123.50 147.66
1786415141 53.44 123.50 147.66
1786415142 53.44 123.50 147.66
1786415143 49.32 121.48 146.87
1786415144 49.32 121.48 146.87
1786415145 49.32 121.48 146.87
1786415146 49.32 121.48 146.87
1786415147 49.32 121.48 146.87
1786415148 45.45 119.48 146.09
1786415149 45.45 119.48 146.09
1786415150 45.45 119.48 146.09
1786415151 45.45 119.48 146.09
1786415152 90.50 127.59 148.57
1786415153 90.50 127.59 148.57
1786415154 90.50 127.59 148.57
1786415155 90.50 127.59 148.57
1786415156 90.50 127.59 148.57
1786415157 108.88 130.79 149.49
1786415158 108.88 130.79 149.49
1786415159 108.88 130.79 149.49
1786415160 108.88 130.79 149.49
1786415161 108.88 130.79 149.49
1786415162 132.59 135.34 150.86
1786415163 132.59 135.34 150.86
1786415164 132.59 135.34 150.86
1786415165 132.59 135.34 150.86
1786415166 132.59 135.34 150.86
1786415167 162.89 141.58 152.80
1786415169 162.89 141.58 152.80
1786415170 162.89 141.58 152.80
1786415171 162.89 141.58 152.80
1786415172 162.89 141.58 152.80
1786415173 185.32 146.58 154.36
1786415174 185.32 146.58 154.36
1786415175 185.32 146.58 154.36
1786415176 185.32 146.58 154.36
1786415177 185.32 146.58 154.36
1786415178 204.76 151.25 155.83
1786415179 204.76 151.25 155.83
1786415180 204.76 151.25 155.83
1786415181 204.76 151.25 155.83
1786415182 214.14 154.09 156.72
1786415183 214.14 154.09 156.72
1786415184 214.14 154.09 156.72
1786415185 214.14 154.09 156.72
1786415186 214.14 154.09 156.72
1786415187 247.21 161.94 159.25
1786415188 247.21 161.94 159.25
1786415189 247.21 161.94 159.25
1786415190 247.21 161.94 159.25
1786415191 247.21 161.94 159.25
1786415192 266.17 167.29 160.99
1786415193 266.17 167.29 160.99
1786415194 266.17 167.29 160.99
1786415195 266.17 167.29 160.99
1786415196 266.17 167.29 160.99
1786415197 284.41 172.71 162.78
1786415198 284.41 172.71 162.78
1786415199 284.41 172.71 162.78
1786415200 284.41 172.71 162.78
1786415201 284.41 172.71 162.78
1786415202 283.74 174.43 163.39
1786415203 283.74 174.43 163.39
1786415204 283.74 174.43 163.39
1786415205 283.74 174.43 163.39
1786415206 283.74 174.43 163.39
1786415208 282.16 175.91 163.93
1786415209 282.16 175.91 163.93
1786415210 282.16 175.91 163.93
1786415211 282.16 175.91 163.93
1786415212 282.16 175.91 163.93
1786415213 260.60 173.21 163.12
1786415214 260.60 173.21 163.12
1786415215 260.60 173.21 163.12
1786415216 260.60 173.21 163.12
1786415217 260.60 173.21 163.12
1786415218 255.51 173.60 163.30
1786415219 255.51 173.60 163.30
1786415220 255.51 173.60 163.30
1786415221 255.51 173.60 163.30
1786415222 255.51 173.60 163.30
1786415223 235.85 170.89 162.48
1786415224 235.85 170.89 162.48
1786415225 235.85 170.89 162.48
1786415226 235.85 170.89 162.48
1786415227 235.85 170.89 162.48
1786415228 217.84 168.23 161.66
1786415229 217.84 168.23 161.66
1786415230 217.84 168.23 161.66
1786415231 217.84 168.23 161.66
1786415232 217.84 168.23 161.66
1786415233 231.15 171.82 162.86
1786415234 231.15 171.82 162.86
1786415235 231.15 171.82 162.86
1786415236 231.15 171.82 162.86
1786415237 273.98 181.68 166.10
1786415238 273.98 181.68 166.10
1786415239 273.98 181.68 166.10
1786415240 273.98 181.68 166.10
1786415241 273.98 181.68 166.10
1786415242 279.59 184.38 167.05
1786415243 279.59 184.38 167.05
1786415244 279.59 184.38 167.05
1786415245 279.59 184.38 167.05
1786415246 279.59 184.38 167.05
1786415247 269.29 183.82 166.97
1786415248 269.29 183.82 166.97
1786415249 269.29 183.82 166.97
1786415250 269.29 183.82 166.97
1786415251 269.29 183.82 166.97
1786415252 248.05 180.84 166.09
1786415253 248.05 180.84 166.09
1786415255 248.05 180.84 166.09
1786415256 248.05 180.84 166.09
1786415257 248.05 180.84 166.09
1786415258 228.66 177.93 165.23
1786415259 228.66 177.93 165.23
1786415260 228.66 177.93 165.23
1786415261 228.66 177.93 165.23
1786415262 228.66 177.93 165.23
1786415263 210.91 175.10 164.38
1786415264 210.91 175.10 164.38
1786415265 210.91 175.10 164.38
1786415266 210.91 175.10 164.38
1786415267 210.91 175.10 164.38
1786415268 194.10 172.20 163.50
1786415269 194.10 172.20 163.50
1786415270 194.10 172.20 163.50
1786415271 194.10 172.20 163.50
1786415272 179.12 169.46 162.66
1786415273 179.12 169.46 162.66
1786415274 179.12 169.46 162.66
1786415275 179.12 169.46 162.66
1786415276 179.12 169.46 162.66
1786415277 177.59 169.30 162.65
1786415278 177.59 169.30 162.65
1786415279 177.59 169.30 162.65
1786415280 177.59 169.30 162.65
1786415281 177.59 169.30 162.65
1786415282 185.23 171.03 163.24
1786415283 185.23 171.03 163.24
1786415284 185.23 171.03 163.24
1786415285 185.23 171.03 163.24
1786415286 185.23 171.03 163.24
1786415287 171.28 168.37 162.42
1786415288 171.28 168.37 162.42
1786415289 171.28 168.37 162.42
1786415290 171.28 168.37 162.42
1786415291 171.28 168.37 162.42
1786415292 158.60 165.79 161.62
1786415293 158.60 165.79 161.62
1786415294 158.60 165.79 161.62
1786415295 158.60 165.79 161.62
1786415296 158.60 165.79 161.62
1786415297 146.62 163.19 160.80
1786415298 146.62 163.19 160.80
1786415299 146.62 163.19 160.80
1786415300 146.62 163.19 160.80
1786415301 146.62 163.19 160.80
1786415302 135.36 160.58 159.97
1786415303 135.36 160.58 159.97
1786415304 135.36 160.58 159.97
1786415305 135.36 160.58 159.97
