1786414577 203.02 262.48 178.16
1786414578 203.02 262.48 178.16
1786414579 203.02 262.48 178.16
1786414580 203.02 262.48 178.16
1786414581 203.02 262.48 178.16
1786414582 197.25 260.29 177.91
1786414583 197.25 260.29 177.91
1786414584 197.25 260.29 177.91
1786414585 197.25 260.29 177.91
1786414586 197.25 260.29 177.91
1786414587 181.78 256.04 176.98
1786414588 181.78 256.04 176.98
1786414589 181.78 256.04 176.98
1786414590 181.78 256.04 176.98
1786414591 181.78 256.04 176.98
1786414592 199.01 258.38 178.16
1786414593 199.01 258.38 178.16
1786414594 199.01 258.38 178.16
1786414595 199.01 258.38 178.16
1786414596 199.01 258.38 178.16
1786414597 220.55 261.86 179.72
1786414598 220.55 261.86 179.72
1786414599 220.55 261.86 179.72
1786414600 220.55 261.86 179.72
1786414601 220.55 261.86 179.72
1786414602 244.61 266.16 181.55
1786414603 244.61 266.16 181.55
1786414604 244.61 266.16 181.55
1786414605 244.61 266.16 181.55
1786414606 253.85 267.72 182.51
1786414607 253.85 267.72 182.51
1786414609 253.85 267.72 182.51
1786414610 253.85 267.72 182.51
1786414611 253.85 267.72 182.51
1786414612 254.66 267.66 182.95
1786414613 254.66 267.66 182.95
1786414614 254.66 267.66 182.95
1786414615 254.66 267.66 182.95
1786414616 254.66 267.66 182.95
1786414617 265.42 269.67 184.05
1786414618 265.42 269.67 184.05
1786414619 265.42 269.67 184.05
1786414620 265.42 269.67 184.05
1786414621 265.42 269.67 184.05
1786414622 256.42 267.74 183.89
1786414623 256.42 267.74 183.89
1786414624 256.42 267.74 183.89
1786414625 256.42 267.74 183.89
1786414626 256.42 267.74 183.89
1786414627 236.29 263.37 182.92
1786414628 236.29 263.37 182.92
1786414629 236.29 263.37 182.92
1786414630 236.29 263.37 182.92
1786414631 236.29 263.37 182.92
1786414632 218.24 259.18 182.00
1786414633 218.24 259.18 182.00
1786414634 218.24 259.18 182.00
1786414635 218.24 259.18 182.00
1786414636 218.24 259.18 182.00
1786414637 201.33 255.00 181.06
1786414638 201.33 255.00 181.06
1786414639 201.33 255.00 181.06
1786414640 201.33 255.00 181.06
1786414641 201.33 255.00 181.06
1786414642 185.61 250.85 180.11
1786414643 185.61 250.85 180.11
1786414644 185.61 250.85 180.11
1786414645 185.61 250.85 180.11
1786414646 185.61 250.85 180.11
1786414647 170.90 246.72 179.16
1786414648 170.90 246.72 179.16
1786414649 170.90 246.72 179.16
1786414650 170.90 246.72 179.16
1786414651 170.90 246.72 179.16
1786414652 183.48 248.06 179.96
1786414653 183.48 248.06 179.96
1786414654 183.48 248.06 179.96
1786414655 183.48 248.06 179.96
1786414656 183.48 248.06 179.96
1786414657 179.52 246.17 179.71
1786414658 179.52 246.17 179.71
1786414659 179.52 246.17 179.71
1786414660 179.52 246.17 179.71
1786414661 179.52 246.17 179.71
1786414662 185.89 246.38 180.14
1786414663 185.89 246.38 180.14
1786414664 185.89 246.38 180.14
1786414665 185.89 246.38 180.14
1786414666 171.56 242.41 179.21
1786414667 171.56 242.41 179.21
1786414668 171.56 242.41 179.21
1786414669 171.56 242.41 179.21
1786414670 171.56 242.41 179.21
1786414671 158.38 238.50 178.28
1786414672 158.38 238.50 178.28
1786414673 158.38 238.50 178.28
1786414675 158.38 238.50 178.28
1786414676 158.38 238.50 178.28
1786414677 147.70 234.96 177.46
1786414678 147.70 234.96 177.46
1786414679 147.70 234.96 177.46
1786414680 147.70 234.96 177.46
1786414681 147.70 234.96 177.46
1786414682 136.35 231.16 176.54
1786414683 136.35 231.16 176.54
1786414684 136.35 231.16 176.54
1786414685 136.35 231.16 176.54
1786414686 136.35 231.16 176.54
1786414687 125.67 227.37 175.60
1786414688 125.67 227.37 175.60
1786414689 125.67 227.37 175.60
1786414690 125.67 227.37 175.60
1786414691 125.67 227.37 175.60
1786414692 121.14 224.74 175.03
1786414693 121.14 224.74 175.03
1786414694 121.14 224.74 175.03
1786414695 121.14 224.74 175.03
1786414696 121.14 224.74 175.03
1786414697 154.20 229.87 176.96
1786414698 154.20 229.87 176.96
1786414699 154.20 229.87 176.96
1786414700 154.20 229.87 176.96
1786414701 154.20 229.87 176.96
1786414702 169.80 231.85 177.88
1786414703 169.80 231.85 177.88
1786414704 169.80 231.85 177.88
1786414705 169.80 231.85 177.88
1786414706 169.80 231.85 177.88
1786414707 156.68 228.10 176.96
1786414708 156.68 228.10 176.96
1786414709 156.68 228.10 176.96
1786414710 156.68 228.10 176.96
1786414711 156.68 228.10 176.96
1786414712 144.77 224.45 176.05
1786414713 144.77 224.45 176.05
1786414714 144.77 224.45 176.05
1786414715 144.77 224.45 176.05
1786414716 144.77 224.45 176.05
1786414717 133.98 220.89 175.16
1786414718 133.98 220.89 175.16
1786414719 133.98 220.89 175.16
1786414720 133.98 220.89 175.16
1786414721 133.98 220.89 175.16
1786414722 123.65 217.30 174.25
1786414723 123.65 217.30 174.25
1786414724 123.65 217.30 174.25
1786414725 123.65 217.30 174.25
1786414726 123.65 217.30 174.25
1786414727 114.23 213.79 173.34
1786414728 114.23 213.79 173.34
1786414729 114.23 213.79 173.34
1786414730 114.23 213.79 173.34
1786414731 114.23 213.79 173.34
1786414732 136.23 216.70 174.50
1786414733 136.23 216.70 174.50
1786414734 136.23 216.70 174.50
1786414735 136.23 216.70 174.50
1786414736 136.23 216.70 174.50
1786414737 150.31 218.28 175.24
1786414738 150.31 218.28 175.24
1786414739 150.31 218.28 175.24
1786414740 150.31 218.28 175.24
1786414742 138.59 214.73 174.32
1786414743 138.59 214.73 174.32
1786414744 138.59 214.73 174.32
1786414745 138.59 214.73 174.32
1786414746 138.59 214.73 174.32
1786414747 127.97 211.26 173.42
1786414748 127.97 211.26 173.42
1786414749 127.97 211.26 173.42
1786414750 127.97 211.26 173.42
1786414751 127.97 211.26 173.42
1786414752 128.62 210.01 173.21
1786414753 128.62 210.01 173.21
1786414754 128.62 210.01 173.21
1786414755 128.62 210.01 173.21
1786414756 128.62 210.01 173.21
1786414757 118.96 206.66 172.33
1786414758 118.96 206.66 172.33
1786414759 118.96 206.66 172.33
1786414760 118.96 206.66 172.33
1786414761 118.96 206.66 172.33
1786414762 109.59 203.26 171.41
1786414763 109.59 203.26 171.41
1786414764 109.59 203.26 171.41
