1786416023 87.11 180.24 192.71
1786416024 87.11 180.24 192.71
1786416025 87.11 180.24 192.71
1786416026 87.11 180.24 192.71
1786416027 87.11 180.24 192.71
1786416028 81.02 177.43 191.73
1786416029 81.02 177.43 191.73
1786416030 81.02 177.43 191.73
1786416031 81.02 177.43 191.73
1786416032 81.02 177.43 191.73
1786416033 75.25 174.63 190.75
1786416034 75.25 174.63 190.75
1786416035 75.25 174.63 190.75
1786416036 75.25 174.63 190.75
1786416037 75.25 174.63 190.75
1786416038 69.30 171.75 189.73
1786416039 69.30 171.75 189.73
1786416040 69.30 171.75 189.73
1786416041 69.30 171.75 189.73
1786416042 69.30 171.75 189.73
1786416043 68.32 169.85 189.01
1786416044 68.32 169.85 189.01
1786416045 68.32 169.85 189.01
1786416046 68.32 169.85 189.01
1786416047 68.32 169.85 189.01
1786416048 76.46 169.85 188.91
1786416049 76.46 169.85 188.91
1786416050 76.46 169.85 188.91
1786416051 76.46 169.85 188.91
1786416052 76.46 169.85 188.91
1786416053 82.11 169.47 188.69
1786416054 82.11 169.47 188.69
1786416055 82.11 169.47 188.69
1786416056 82.11 169.47 188.69
1786416057 82.11 169.47 188.69
1786416058 86.18 168.86 188.39
1786416059 86.18 168.86 188.39
1786416060 86.18 168.86 188.39
1786416061 86.18 168.86 188.39
1786416062 86.18 168.86 188.39
1786416063 90.33 168.35 188.12
1786416064 90.33 168.35 188.12
1786416065 90.33 168.35 188.12
1786416066 90.33 168.35 188.12
1786416067 90.33 168.35 188.12
1786416068 93.35 167.68 187.79
1786416069 93.35 167.68 187.79
1786416070 93.35 167.68 187.79
1786416071 93.35 167.68 187.79
1786416072 93.35 167.68 187.79
1786416073 99.57 167.74 187.70
1786416074 99.57 167.74 187.70
1786416075 99.57 167.74 187.70
1786416076 99.57 167.74 187.70
1786416077 99.57 167.74 187.70
1786416078 102.41 167.19 187.42
1786416079 102.41 167.19 187.42
1786416080 102.41 167.19 187.42
1786416081 102.41 167.19 187.42
1786416082 102.41 167.19 187.42
1786416083 107.82 167.24 187.33
1786416084 107.82 167.24 187.33
1786416085 107.82 167.24 187.33
1786416086 107.82 167.24 187.33
1786416087 107.82 167.24 187.33
1786416088 109.04 166.51 186.98
1786416089 109.04 166.51 186.98
1786416090 109.04 166.51 186.98
1786416091 109.04 166.51 186.98
1786416092 109.04 166.51 186.98
1786416093 113.92 166.56 186.89
1786416094 113.92 166.56 186.89
1786416095 113.92 166.56 186.89
1786416096 113.92 166.56 186.89
1786416097 113.92 166.56 186.89
1786416098 115.13 165.94 186.58
1786416099 115.13 165.94 186.58
1786416100 115.13 165.94 186.58
1786416101 115.13 165.94 186.58
1786416102 115.13 165.94 186.58
1786416103 117.84 165.66 186.38
1786416104 117.84 165.66 186.38
1786416105 117.84 165.66 186.38
1786416106 117.84 165.66 186.38
1786416107 117.84 165.66 186.38
1786416108 121.62 165.65 186.26
1786416109 121.62 165.65 186.26
1786416110 121.62 165.65 186.26
1786416111 121.62 165.65 186.26
1786416112 121.62 165.65 186.26
1786416113 125.49 165.72 186.17
1786416114 125.49 165.72 186.17
1786416115 125.49 165.72 186.17
1786416116 125.49 165.72 186.17
1786416117 125.49 165.72 186.17
1786416118 123.61 164.66 185.72
1786416119 123.61 164.66 185.72
1786416120 123.61 164.66 185.72
1786416121 123.61 164.66 185.72
1786416122 123.61 164.66 185.72
1786416123 123.56 163.97 185.38
1786416124 123.56 163.97 185.38
1786416125 123.56 163.97 185.38
1786416126 123.56 163.97 185.38
1786416127 123.56 163.97 185.38
1786416129 117.83 162.11 184.67
1786416130 117.83 162.11 184.67
1786416131 117.83 162.11 184.67
1786416132 117.83 162.11 184.67
1786416133 117.83 162.11 184.67
1786416134 115.84 160.96 184.17
1786416135 115.84 160.96 184.17
1786416136 115.84 160.96 184.17
1786416137 115.84 160.96 184.17
1786416138 115.84 160.96 184.17
1786416139 110.41 159.09 183.44
1786416140 110.41 159.09 183.44
1786416141 110.41 159.09 183.44
1786416142 110.41 159.09 183.44
1786416143 110.41 159.09 183.44
1786416144 103.57 156.86 182.59
1786416145 103.57 156.86 182.59
1786416146 103.57 156.86 182.59
1786416147 103.57 156.86 182.59
1786416148 97.36 154.69 181.75
1786416149 97.36 154.69 181.75
1786416150 97.36 154.69 181.75
1786416151 97.36 154.69 181.75
1786416152 97.36 154.69 181.75
1786416153 89.64 152.14 180.78
